sysTime name age sex trialN audioCnd gbrDir gbrPresTime gbrRT gbrACC 
182949761 E123 23 1 0 0 left 64 -1 -1 
182950777 E123 23 1 0 0 left 64 -1 -1 
182953825 E123 23 1 0 0 left 64 2963 0 
182963871 E123 23 1 0 0 left 64 2963 0 
182966871 E123 23 1 0 0 left 64 2963 0 
182966878 E123 23 1 1 0 left 64 -1 -1 
182967890 E123 23 1 1 0 left 64 -1 -1 
182970313 E123 23 1 1 0 left 64 2338 1 
182977632 E123 23 1 1 0 left 64 2338 1 
182980632 E123 23 1 1 0 left 64 2338 1 
182980638 E123 23 1 2 0 right 32 -1 -1 
182981650 E123 23 1 2 0 right 32 -1 -1 
182984702 E123 23 1 2 0 right 32 3000 2 
182990107 E123 23 1 2 0 right 32 3000 2 
182993107 E123 23 1 2 0 right 32 3000 2 
182993113 E123 23 1 3 0 left 16 -1 -1 
182994126 E123 23 1 3 0 left 16 -1 -1 
182997161 E123 23 1 3 0 left 16 3000 2 
183002800 E123 23 1 3 0 left 16 3000 2 
183005800 E123 23 1 3 0 left 16 3000 2 
183005806 E123 23 1 4 0 right 64 -1 -1 
183006819 E123 23 1 4 0 right 64 -1 -1 
183009904 E123 23 1 4 0 right 64 3000 2 
183014809 E123 23 1 4 0 right 64 3000 2 
183017809 E123 23 1 4 0 right 64 3000 2 
183017815 E123 23 1 5 0 right 16 -1 -1 
183018828 E123 23 1 5 0 right 16 -1 -1 
183021863 E123 23 1 5 0 right 16 3000 2 
183026901 E123 23 1 5 0 right 16 3000 2 
183029901 E123 23 1 5 0 right 16 3000 2 
183029909 E123 23 1 6 0 left 64 -1 -1 
183030920 E123 23 1 6 0 left 64 -1 -1 
183034005 E123 23 1 6 0 left 64 3000 2 
183038960 E123 23 1 6 0 left 64 3000 2 
183041960 E123 23 1 6 0 left 64 3000 2 
183041966 E123 23 1 7 0 right 64 -1 -1 
183042979 E123 23 1 7 0 right 64 -1 -1 
183044695 E123 23 1 7 0 right 64 1631 1 
183050952 E123 23 1 7 0 right 64 1631 1 
183053952 E123 23 1 7 0 right 64 1631 1 
183053958 E123 23 1 8 0 left 48 -1 -1 
183054971 E123 23 1 8 0 left 48 -1 -1 
183057575 E123 23 1 8 0 left 48 2536 0 
183061894 E123 23 1 8 0 left 48 2536 0 
183064894 E123 23 1 8 0 left 48 2536 0 
183064900 E123 23 1 9 0 right 32 -1 -1 
183065912 E123 23 1 9 0 right 32 -1 -1 
183068407 E123 23 1 9 0 right 32 2443 1 
183072919 E123 23 1 9 0 right 32 2443 1 
183075919 E123 23 1 9 0 right 32 2443 1 
183075925 E123 23 1 10 0 right 32 -1 -1 
183076937 E123 23 1 10 0 right 32 -1 -1 
183079989 E123 23 1 10 0 right 32 3000 2 
183084244 E123 23 1 10 0 right 32 3000 2 
183087244 E123 23 1 10 0 right 32 3000 2 
183087250 E123 23 1 11 0 left 16 -1 -1 
183088262 E123 23 1 11 0 left 16 -1 -1 
183091298 E123 23 1 11 0 left 16 3000 2 
183095752 E123 23 1 11 0 left 16 3000 2 
183098752 E123 23 1 11 0 left 16 3000 2 
183098758 E123 23 1 12 0 left 16 -1 -1 
183099771 E123 23 1 12 0 left 16 -1 -1 
183102806 E123 23 1 12 0 left 16 3000 2 
183107378 E123 23 1 12 0 left 16 3000 2 
183110378 E123 23 1 12 0 left 16 3000 2 
183110384 E123 23 1 13 0 left 16 -1 -1 
183111396 E123 23 1 13 0 left 16 -1 -1 
183114431 E123 23 1 13 0 left 16 3000 2 
183119353 E123 23 1 13 0 left 16 3000 2 
183122353 E123 23 1 13 0 left 16 3000 2 
183122359 E123 23 1 14 0 left 16 -1 -1 
183123372 E123 23 1 14 0 left 16 -1 -1 
183126423 E123 23 1 14 0 left 16 3000 2 
183130445 E123 23 1 14 0 left 16 3000 2 
183133445 E123 23 1 14 0 left 16 3000 2 
183133451 E123 23 1 15 0 right 32 -1 -1 
183134463 E123 23 1 15 0 right 32 -1 -1 
183136854 E123 23 1 15 0 right 32 2339 1 
183141553 E123 23 1 15 0 right 32 2339 1 
183144553 E123 23 1 15 0 right 32 2339 1 
183144559 E123 23 1 16 0 left 32 -1 -1 
183145571 E123 23 1 16 0 left 32 -1 -1 
183148623 E123 23 1 16 0 left 32 3000 2 
183153762 E123 23 1 16 0 left 32 3000 2 
183156762 E123 23 1 16 0 left 32 3000 2 
183156768 E123 23 1 17 0 right 48 -1 -1 
183157781 E123 23 1 17 0 right 48 -1 -1 
183160849 E123 23 1 17 0 right 48 3000 2 
183165404 E123 23 1 17 0 right 48 3000 2 
183168404 E123 23 1 17 0 right 48 3000 2 
183168410 E123 23 1 18 0 right 32 -1 -1 
183169422 E123 23 1 18 0 right 32 -1 -1 
183172474 E123 23 1 18 0 right 32 3000 2 
183185485 E123 23 1 18 0 right 32 3000 2 
183188485 E123 23 1 18 0 right 32 3000 2 
183188491 E123 23 1 19 0 left 16 -1 -1 
183189504 E123 23 1 19 0 left 16 -1 -1 
183192539 E123 23 1 19 0 left 16 3000 2 
183197728 E123 23 1 19 0 left 16 3000 2 
183200728 E123 23 1 19 0 left 16 3000 2 
183200734 E123 23 1 20 0 left 16 -1 -1 
183201746 E123 23 1 20 0 left 16 -1 -1 
183202957 E123 23 1 20 0 left 16 1175 1 
183207902 E123 23 1 20 0 left 16 1175 1 
183210902 E123 23 1 20 0 left 16 1175 1 
183210908 E123 23 1 21 0 left 32 -1 -1 
183211921 E123 23 1 21 0 left 32 -1 -1 
183214972 E123 23 1 21 0 left 32 3000 2 
183220228 E123 23 1 21 0 left 32 3000 2 
183223228 E123 23 1 21 0 left 32 3000 2 
183223234 E123 23 1 22 0 left 64 -1 -1 
183224247 E123 23 1 22 0 left 64 -1 -1 
183227332 E123 23 1 22 0 left 64 3000 2 
183232170 E123 23 1 22 0 left 64 3000 2 
183235170 E123 23 1 22 0 left 64 3000 2 
183235176 E123 23 1 23 0 left 48 -1 -1 
183236189 E123 23 1 23 0 left 48 -1 -1 
183238053 E123 23 1 23 0 left 48 1796 1 
183244046 E123 23 1 23 0 left 48 1796 1 
183247046 E123 23 1 23 0 left 48 1796 1 
183247052 E123 23 1 24 0 left 48 -1 -1 
183248064 E123 23 1 24 0 left 48 -1 -1 
183250116 E123 23 1 24 0 left 48 1984 1 
183254170 E123 23 1 24 0 left 48 1984 1 
183257170 E123 23 1 24 0 left 48 1984 1 
183257176 E123 23 1 25 0 left 32 -1 -1 
183258188 E123 23 1 25 0 left 32 -1 -1 
183260676 E123 23 1 25 0 left 32 2436 1 
183266229 E123 23 1 25 0 left 32 2436 1 
183269229 E123 23 1 25 0 left 32 2436 1 
183269235 E123 23 1 26 0 right 48 -1 -1 
183270247 E123 23 1 26 0 right 48 -1 -1 
183271388 E123 23 1 26 0 right 48 1072 1 
183277037 E123 23 1 26 0 right 48 1072 1 
183280037 E123 23 1 26 0 right 48 1072 1 
183280043 E123 23 1 27 0 left 48 -1 -1 
183281055 E123 23 1 27 0 left 48 -1 -1 
183282348 E123 23 1 27 0 left 48 1224 1 
183286894 E123 23 1 27 0 left 48 1224 1 
183289894 E123 23 1 27 0 left 48 1224 1 
183289900 E123 23 1 28 0 right 16 -1 -1 
183290913 E123 23 1 28 0 right 16 -1 -1 
183292820 E123 23 1 28 0 right 16 1872 0 
183296651 E123 23 1 28 0 right 16 1872 0 
183299651 E123 23 1 28 0 right 16 1872 0 
183299657 E123 23 1 29 0 right 48 -1 -1 
183300670 E123 23 1 29 0 right 48 -1 -1 
183301884 E123 23 1 29 0 right 48 1146 1 
183306058 E123 23 1 29 0 right 48 1146 1 
183309058 E123 23 1 29 0 right 48 1146 1 
183309064 E123 23 1 30 0 left 64 -1 -1 
183310077 E123 23 1 30 0 left 64 -1 -1 
183312076 E123 23 1 30 0 left 64 1914 1 
183316099 E123 23 1 30 0 left 64 1914 1 
183319099 E123 23 1 30 0 left 64 1914 1 
183319105 E123 23 1 31 0 left 32 -1 -1 
183320118 E123 23 1 31 0 left 32 -1 -1 
183321300 E123 23 1 31 0 left 32 1131 0 
183325773 E123 23 1 31 0 left 32 1131 0 
183328773 E123 23 1 31 0 left 32 1131 0 
183340195 E123 23 1 32 0 right 48 -1 -1 
183341200 E123 23 1 32 0 right 48 -1 -1 
183343075 E123 23 1 32 0 right 48 1807 1 
183347189 E123 23 1 32 0 right 48 1807 1 
183350189 E123 23 1 32 0 right 48 1807 1 
183350195 E123 23 1 33 0 left 16 -1 -1 
183351207 E123 23 1 33 0 left 16 -1 -1 
183354083 E123 23 1 33 0 left 16 2841 0 
183358581 E123 23 1 33 0 left 16 2841 0 
183361581 E123 23 1 33 0 left 16 2841 0 
183361587 E123 23 1 34 0 right 64 -1 -1 
183362599 E123 23 1 34 0 right 64 -1 -1 
183363546 E123 23 1 34 0 right 64 862 1 
183367220 E123 23 1 34 0 right 64 862 1 
183370220 E123 23 1 34 0 right 64 862 1 
183370226 E123 23 1 35 0 right 64 -1 -1 
183371239 E123 23 1 35 0 right 64 -1 -1 
183372322 E123 23 1 35 0 right 64 998 1 
183376744 E123 23 1 35 0 right 64 998 1 
183379744 E123 23 1 35 0 right 64 998 1 
183379750 E123 23 1 36 0 left 32 -1 -1 
183380762 E123 23 1 36 0 left 32 -1 -1 
183382938 E123 23 1 36 0 left 32 2124 1 
183386968 E123 23 1 36 0 left 32 2124 1 
183389968 E123 23 1 36 0 left 32 2124 1 
183389974 E123 23 1 37 0 right 48 -1 -1 
183390987 E123 23 1 37 0 right 48 -1 -1 
183392250 E123 23 1 37 0 right 48 1195 1 
183397943 E123 23 1 37 0 right 48 1195 1 
183400943 E123 23 1 37 0 right 48 1195 1 
183400949 E123 23 1 38 0 left 64 -1 -1 
183401962 E123 23 1 38 0 left 64 -1 -1 
183403443 E123 23 1 38 0 left 64 1396 1 
183408101 E123 23 1 38 0 left 64 1396 1 
183411101 E123 23 1 38 0 left 64 1396 1 
183411107 E123 23 1 39 0 right 16 -1 -1 
183412119 E123 23 1 39 0 right 16 -1 -1 
183413586 E123 23 1 39 0 right 16 1432 1 
183417958 E123 23 1 39 0 right 16 1432 1 
183420958 E123 23 1 39 0 right 16 1432 1 
183420964 E123 23 1 40 0 right 16 -1 -1 
183421976 E123 23 1 40 0 right 16 -1 -1 
183423785 E123 23 1 40 0 right 16 1774 1 
183428132 E123 23 1 40 0 right 16 1774 1 
183431132 E123 23 1 40 0 right 16 1774 1 
183431138 E123 23 1 41 0 left 32 -1 -1 
183432151 E123 23 1 41 0 left 32 -1 -1 
183434105 E123 23 1 41 0 left 32 1903 1 
183439807 E123 23 1 41 0 left 32 1903 1 
183442807 E123 23 1 41 0 left 32 1903 1 
183442813 E123 23 1 42 0 right 64 -1 -1 
183443826 E123 23 1 42 0 right 64 -1 -1 
183444881 E123 23 1 42 0 right 64 970 1 
183448914 E123 23 1 42 0 right 64 970 1 
183451914 E123 23 1 42 0 right 64 970 1 
183451920 E123 23 1 43 0 right 64 -1 -1 
183452933 E123 23 1 43 0 right 64 -1 -1 
183454113 E123 23 1 43 0 right 64 1095 1 
183459139 E123 23 1 43 0 right 64 1095 1 
183462139 E123 23 1 43 0 right 64 1095 1 
183462149 E123 23 1 44 0 right 32 -1 -1 
183463157 E123 23 1 44 0 right 32 -1 -1 
183465890 E123 23 1 44 0 right 32 2681 1 
183470747 E123 23 1 44 0 right 32 2681 1 
183473747 E123 23 1 44 0 right 32 2681 1 
183473753 E123 23 1 45 0 left 48 -1 -1 
183474766 E123 23 1 45 0 left 48 -1 -1 
183475881 E123 23 1 45 0 left 48 1047 1 
183479820 E123 23 1 45 0 left 48 1047 1 
183482820 E123 23 1 45 0 left 48 1047 1 
183482826 E123 23 1 46 0 right 48 -1 -1 
183483839 E123 23 1 46 0 right 48 -1 -1 
183484865 E123 23 1 46 0 right 48 958 1 
183490528 E123 23 1 46 0 right 48 958 1 
183493529 E123 23 1 46 0 right 48 958 1 
183493535 E123 23 1 47 0 right 48 -1 -1 
183494547 E123 23 1 47 0 right 48 -1 -1 
183495808 E123 23 1 47 0 right 48 1193 1 
183501953 E123 23 1 47 0 right 48 1193 1 
183504954 E123 23 1 47 0 right 48 1193 1 
183504960 E123 23 1 48 0 left 64 -1 -1 
183505972 E123 23 1 48 0 left 64 -1 -1 
183506944 E123 23 1 48 0 left 64 887 1 
183511361 E123 23 1 48 0 left 64 887 1 
183514361 E123 23 1 48 0 left 64 887 1 
183514367 E123 23 1 49 0 right 16 -1 -1 
183515379 E123 23 1 49 0 right 16 -1 -1 
183516704 E123 23 1 49 0 right 16 1290 1 
183520968 E123 23 1 49 0 right 16 1290 1 
183523968 E123 23 1 49 0 right 16 1290 1 
183523974 E123 23 1 50 0 right 64 -1 -1 
183524986 E123 23 1 50 0 right 64 -1 -1 
183526105 E123 23 1 50 0 right 64 1034 1 
183531025 E123 23 1 50 0 right 64 1034 1 
183534025 E123 23 1 50 0 right 64 1034 1 
183534031 E123 23 1 51 0 right 48 -1 -1 
183535044 E123 23 1 51 0 right 48 -1 -1 
183536320 E123 23 1 51 0 right 48 1208 1 
183540682 E123 23 1 51 0 right 48 1208 1 
183543682 E123 23 1 51 0 right 48 1208 1 
183543688 E123 23 1 52 0 left 48 -1 -1 
183544701 E123 23 1 52 0 left 48 -1 -1 
183546952 E123 23 1 52 0 left 48 2183 1 
183550873 E123 23 1 52 0 left 48 2183 1 
183553873 E123 23 1 52 0 left 48 2183 1 
183553879 E123 23 1 53 0 right 16 -1 -1 
183554892 E123 23 1 53 0 right 16 -1 -1 
183557271 E123 23 1 53 0 right 16 2345 0 
183560997 E123 23 1 53 0 right 16 2345 0 
183563997 E123 23 1 53 0 right 16 2345 0 
183564003 E123 23 1 54 0 right 64 -1 -1 
183565016 E123 23 1 54 0 right 64 -1 -1 
183565800 E123 23 1 54 0 right 64 699 1 
183570488 E123 23 1 54 0 right 64 699 1 
183573488 E123 23 1 54 0 right 64 699 1 
183573494 E123 23 1 55 0 left 32 -1 -1 
183574506 E123 23 1 55 0 left 32 -1 -1 
183577087 E123 23 1 55 0 left 32 2529 1 
183580845 E123 23 1 55 0 left 32 2529 1 
183583845 E123 23 1 55 0 left 32 2529 1 
183583851 E123 23 1 56 0 left 16 -1 -1 
183584864 E123 23 1 56 0 left 16 -1 -1 
183586615 E123 23 1 56 0 left 16 1716 0 
183590669 E123 23 1 56 0 left 16 1716 0 
183593669 E123 23 1 56 0 left 16 1716 0 
183593677 E123 23 1 57 0 left 32 -1 -1 
183594688 E123 23 1 57 0 left 32 -1 -1 
183596016 E123 23 1 57 0 left 32 1276 0 
183599726 E123 23 1 57 0 left 32 1276 0 
183602726 E123 23 1 57 0 left 32 1276 0 
183602732 E123 23 1 58 0 left 64 -1 -1 
183603745 E123 23 1 58 0 left 64 -1 -1 
183604599 E123 23 1 58 0 left 64 769 1 
183608916 E123 23 1 58 0 left 64 769 1 
183611916 E123 23 1 58 0 left 64 769 1 
183611922 E123 23 1 59 0 right 64 -1 -1 
183612935 E123 23 1 59 0 right 64 -1 -1 
183613767 E123 23 1 59 0 right 64 747 1 
183618040 E123 23 1 59 0 right 64 747 1 
183621040 E123 23 1 59 0 right 64 747 1 
183621046 E123 23 1 60 0 left 32 -1 -1 
183622058 E123 23 1 60 0 left 32 -1 -1 
183623046 E123 23 1 60 0 left 32 936 1 
183626846 E123 23 1 60 0 left 32 936 1 
183629846 E123 23 1 60 0 left 32 936 1 
183629852 E123 23 1 61 0 left 16 -1 -1 
183630865 E123 23 1 61 0 left 16 -1 -1 
183632502 E123 23 1 61 0 left 16 1586 1 
183636236 E123 23 1 61 0 left 16 1586 1 
183639236 E123 23 1 61 0 left 16 1586 1 
183639242 E123 23 1 62 0 left 64 -1 -1 
183640255 E123 23 1 62 0 left 64 -1 -1 
183641495 E123 23 1 62 0 left 64 1155 1 
183646010 E123 23 1 62 0 left 64 1155 1 
183649010 E123 23 1 62 0 left 64 1155 1 
183649016 E123 23 1 63 0 right 32 -1 -1 
183650029 E123 23 1 63 0 right 32 -1 -1 
183650918 E123 23 1 63 0 right 32 837 1 
183655401 E123 23 1 63 0 right 32 837 1 
183658401 E123 23 1 63 0 right 32 837 1 
183670998 E123 23 1 64 0 right 16 -1 -1 
183672012 E123 23 1 64 0 right 16 -1 -1 
183675047 E123 23 1 64 0 right 16 3000 2 
183680219 E123 23 1 64 0 right 16 3000 2 
183683219 E123 23 1 64 0 right 16 3000 2 
183683225 E123 23 1 65 0 left 48 -1 -1 
183684238 E123 23 1 65 0 left 48 -1 -1 
183684974 E123 23 1 65 0 left 48 668 1 
183688592 E123 23 1 65 0 left 48 668 1 
183691592 E123 23 1 65 0 left 48 668 1 
183691598 E123 23 1 66 0 right 64 -1 -1 
183692611 E123 23 1 66 0 right 64 -1 -1 
183693325 E123 23 1 66 0 right 64 629 1 
183698866 E123 23 1 66 0 right 64 629 1 
183701866 E123 23 1 66 0 right 64 629 1 
183701872 E123 23 1 67 0 left 64 -1 -1 
183702885 E123 23 1 67 0 left 64 -1 -1 
183703757 E123 23 1 67 0 left 64 787 1 
183708373 E123 23 1 67 0 left 64 787 1 
183711373 E123 23 1 67 0 left 64 787 1 
183711379 E123 23 1 68 0 right 64 -1 -1 
183712392 E123 23 1 68 0 right 64 -1 -1 
183713125 E123 23 1 68 0 right 64 648 1 
183716846 E123 23 1 68 0 right 64 648 1 
183719846 E123 23 1 68 0 right 64 648 1 
183719852 E123 23 1 69 0 right 32 -1 -1 
183720865 E123 23 1 69 0 right 32 -1 -1 
183721997 E123 23 1 69 0 right 32 1080 1 
183725920 E123 23 1 69 0 right 32 1080 1 
183728920 E123 23 1 69 0 right 32 1080 1 
183728926 E123 23 1 70 0 right 32 -1 -1 
183729938 E123 23 1 70 0 right 32 -1 -1 
183731566 E123 23 1 70 0 right 32 1576 1 
183735543 E123 23 1 70 0 right 32 1576 1 
183738543 E123 23 1 70 0 right 32 1576 1 
183738549 E123 23 1 71 0 right 48 -1 -1 
183739562 E123 23 1 71 0 right 48 -1 -1 
183740557 E123 23 1 71 0 right 48 927 1 
183745184 E123 23 1 71 0 right 48 927 1 
183748184 E123 23 1 71 0 right 48 927 1 
183748190 E123 23 1 72 0 left 32 -1 -1 
183749203 E123 23 1 72 0 left 32 -1 -1 
183750445 E123 23 1 72 0 left 32 1191 0 
183756125 E123 23 1 72 0 left 32 1191 0 
183759125 E123 23 1 72 0 left 32 1191 0 
183759131 E123 23 1 73 0 right 64 -1 -1 
183760144 E123 23 1 73 0 right 64 -1 -1 
183761004 E123 23 1 73 0 right 64 775 1 
183764648 E123 23 1 73 0 right 64 775 1 
183767648 E123 23 1 73 0 right 64 775 1 
183767654 E123 23 1 74 0 right 32 -1 -1 
183768667 E123 23 1 74 0 right 32 -1 -1 
183770612 E123 23 1 74 0 right 32 1893 1 
183774573 E123 23 1 74 0 right 32 1893 1 
183777573 E123 23 1 74 0 right 32 1893 1 
183777579 E123 23 1 75 0 right 16 -1 -1 
183778591 E123 23 1 75 0 right 16 -1 -1 
183781626 E123 23 1 75 0 right 16 3000 2 
183785547 E123 23 1 75 0 right 16 3000 2 
183788547 E123 23 1 75 0 right 16 3000 2 
183788553 E123 23 1 76 0 left 64 -1 -1 
183789566 E123 23 1 76 0 left 64 -1 -1 
183791277 E123 23 1 76 0 left 64 1626 1 
183795121 E123 23 1 76 0 left 64 1626 1 
183798121 E123 23 1 76 0 left 64 1626 1 
183798127 E123 23 1 77 0 right 48 -1 -1 
183799140 E123 23 1 77 0 right 48 -1 -1 
183799756 E123 23 1 77 0 right 48 548 1 
183804395 E123 23 1 77 0 right 48 548 1 
183807395 E123 23 1 77 0 right 48 548 1 
183807401 E123 23 1 78 0 right 32 -1 -1 
183808413 E123 23 1 78 0 right 32 -1 -1 
183809788 E123 23 1 78 0 right 32 1323 1 
183813852 E123 23 1 78 0 right 32 1323 1 
183816852 E123 23 1 78 0 right 32 1323 1 
183816858 E123 23 1 79 0 left 16 -1 -1 
183817870 E123 23 1 79 0 left 16 -1 -1 
183820139 E123 23 1 79 0 left 16 2234 1 
183824860 E123 23 1 79 0 left 16 2234 1 
183827860 E123 23 1 79 0 left 16 2234 1 
183827866 E123 23 1 80 0 right 16 -1 -1 
183828878 E123 23 1 80 0 right 16 -1 -1 
183831020 E123 23 1 80 0 right 16 2107 1 
183835951 E123 23 1 80 0 right 16 2107 1 
183838951 E123 23 1 80 0 right 16 2107 1 
183838957 E123 23 1 81 0 left 32 -1 -1 
183839970 E123 23 1 81 0 left 32 -1 -1 
183842387 E123 23 1 81 0 left 32 2365 1 
183846292 E123 23 1 81 0 left 32 2365 1 
183849292 E123 23 1 81 0 left 32 2365 1 
183849298 E123 23 1 82 0 left 48 -1 -1 
183850311 E123 23 1 82 0 left 48 -1 -1 
183851147 E123 23 1 82 0 left 48 768 1 
183855015 E123 23 1 82 0 left 48 768 1 
183858015 E123 23 1 82 0 left 48 768 1 
183858020 E123 23 1 83 0 right 16 -1 -1 
183859034 E123 23 1 83 0 right 16 -1 -1 
183860948 E123 23 1 83 0 right 16 1878 1 
183864756 E123 23 1 83 0 right 16 1878 1 
183867756 E123 23 1 83 0 right 16 1878 1 
183867762 E123 23 1 84 0 right 32 -1 -1 
183868775 E123 23 1 84 0 right 32 -1 -1 
183871028 E123 23 1 84 0 right 32 2202 1 
183875848 E123 23 1 84 0 right 32 2202 1 
183878848 E123 23 1 84 0 right 32 2202 1 
183878854 E123 23 1 85 0 left 48 -1 -1 
183879866 E123 23 1 85 0 left 48 -1 -1 
183880954 E123 23 1 85 0 left 48 1019 1 
183885572 E123 23 1 85 0 left 48 1019 1 
183888572 E123 23 1 85 0 left 48 1019 1 
183888578 E123 23 1 86 0 left 32 -1 -1 
183889590 E123 23 1 86 0 left 32 -1 -1 
183890426 E123 23 1 86 0 left 32 784 1 
183895262 E123 23 1 86 0 left 32 784 1 
183898262 E123 23 1 86 0 left 32 784 1 
183898268 E123 23 1 87 0 right 48 -1 -1 
183899281 E123 23 1 87 0 right 48 -1 -1 
183900122 E123 23 1 87 0 right 48 773 1 
183904135 E123 23 1 87 0 right 48 773 1 
183907135 E123 23 1 87 0 right 48 773 1 
183907141 E123 23 1 88 0 right 16 -1 -1 
183908154 E123 23 1 88 0 right 16 -1 -1 
183910682 E123 23 1 88 0 right 16 2477 1 
183914543 E123 23 1 88 0 right 16 2477 1 
183917543 E123 23 1 88 0 right 16 2477 1 
183917549 E123 23 1 89 0 left 48 -1 -1 
183918561 E123 23 1 89 0 left 48 -1 -1 
183919507 E123 23 1 89 0 left 48 877 1 
183923633 E123 23 1 89 0 left 48 877 1 
183926633 E123 23 1 89 0 left 48 877 1 
183926639 E123 23 1 90 0 right 16 -1 -1 
183927652 E123 23 1 90 0 right 16 -1 -1 
183929842 E123 23 1 90 0 right 16 2138 1 
183934858 E123 23 1 90 0 right 16 2138 1 
183937858 E123 23 1 90 0 right 16 2138 1 
183937864 E123 23 1 91 0 left 48 -1 -1 
183938877 E123 23 1 91 0 left 48 -1 -1 
183939754 E123 23 1 91 0 left 48 809 1 
183944365 E123 23 1 91 0 left 48 809 1 
183947365 E123 23 1 91 0 left 48 809 1 
183947371 E123 23 1 92 0 left 48 -1 -1 
183948384 E123 23 1 92 0 left 48 -1 -1 
183949218 E123 23 1 92 0 left 48 766 1 
183954990 E123 23 1 92 0 left 48 766 1 
183957990 E123 23 1 92 0 left 48 766 1 
183957996 E123 23 1 93 0 left 16 -1 -1 
183959008 E123 23 1 93 0 left 16 -1 -1 
183960481 E123 23 1 93 0 left 16 1438 1 
183966582 E123 23 1 93 0 left 16 1438 1 
183969582 E123 23 1 93 0 left 16 1438 1 
183969588 E123 23 1 94 0 left 64 -1 -1 
183970600 E123 23 1 94 0 left 64 -1 -1 
183971370 E123 23 1 94 0 left 64 685 1 
183975605 E123 23 1 94 0 left 64 685 1 
183978605 E123 23 1 94 0 left 64 685 1 
183978611 E123 23 1 95 0 right 48 -1 -1 
183979623 E123 23 1 95 0 right 48 -1 -1 
183980322 E123 23 1 95 0 right 48 630 1 
183984345 E123 23 1 95 0 right 48 630 1 
183987345 E123 23 1 95 0 right 48 630 1 
