sysTime name age sex trialN audioCnd gbrDir gbrPresTime gbrRT gbrACC 
245844959 E124 21 1 0 0 left 16 -1 -1 
245845969 E124 21 1 0 0 left 16 -1 -1 
245846463 E124 21 1 0 0 left 16 459 0 
245849974 E124 21 1 0 0 left 16 459 0 
245852974 E124 21 1 0 0 left 16 459 0 
245852981 E124 21 1 1 0 left 32 -1 -1 
245853992 E124 21 1 1 0 left 32 -1 -1 
245854647 E124 21 1 1 0 left 32 603 1 
245858296 E124 21 1 1 0 left 32 603 1 
245861296 E124 21 1 1 0 left 32 603 1 
245861303 E124 21 1 2 0 right 32 -1 -1 
245862315 E124 21 1 2 0 right 32 -1 -1 
245863415 E124 21 1 2 0 right 32 1049 0 
245869171 E124 21 1 2 0 right 32 1049 0 
245872171 E124 21 1 2 0 right 32 1049 0 
245872178 E124 21 1 3 0 right 64 -1 -1 
245873189 E124 21 1 3 0 right 64 -1 -1 
245873806 E124 21 1 3 0 right 64 532 1 
245877327 E124 21 1 3 0 right 64 532 1 
245880327 E124 21 1 3 0 right 64 532 1 
245880336 E124 21 1 4 0 right 16 -1 -1 
245881345 E124 21 1 4 0 right 16 -1 -1 
245881950 E124 21 1 4 0 right 16 570 0 
245885466 E124 21 1 4 0 right 16 570 0 
245888466 E124 21 1 4 0 right 16 570 0 
245888473 E124 21 1 5 0 right 32 -1 -1 
245889485 E124 21 1 5 0 right 32 -1 -1 
245890166 E124 21 1 5 0 right 32 630 1 
245894023 E124 21 1 5 0 right 32 630 1 
245897023 E124 21 1 5 0 right 32 630 1 
245897029 E124 21 1 6 0 right 32 -1 -1 
245898041 E124 21 1 6 0 right 32 -1 -1 
245898686 E124 21 1 6 0 right 32 593 1 
245902679 E124 21 1 6 0 right 32 593 1 
245905679 E124 21 1 6 0 right 32 593 1 
245905685 E124 21 1 7 0 left 32 -1 -1 
245906697 E124 21 1 7 0 left 32 -1 -1 
245907374 E124 21 1 7 0 left 32 625 1 
245913871 E124 21 1 7 0 left 32 625 1 
245916871 E124 21 1 7 0 left 32 625 1 
245916878 E124 21 1 8 0 right 32 -1 -1 
245917889 E124 21 1 8 0 right 32 -1 -1 
245918686 E124 21 1 8 0 right 32 745 1 
245923761 E124 21 1 8 0 right 32 745 1 
245926761 E124 21 1 8 0 right 32 745 1 
245926768 E124 21 1 9 0 right 48 -1 -1 
245927780 E124 21 1 9 0 right 48 -1 -1 
245928358 E124 21 1 9 0 right 48 510 1 
245931967 E124 21 1 9 0 right 48 510 1 
245934967 E124 21 1 9 0 right 48 510 1 
245934974 E124 21 1 10 0 right 16 -1 -1 
245935986 E124 21 1 10 0 right 16 -1 -1 
245936566 E124 21 1 10 0 right 16 545 1 
245941474 E124 21 1 10 0 right 16 545 1 
245944474 E124 21 1 10 0 right 16 545 1 
245944483 E124 21 1 11 0 right 48 -1 -1 
245945493 E124 21 1 11 0 right 48 -1 -1 
245946054 E124 21 1 11 0 right 48 492 1 
245950097 E124 21 1 11 0 right 48 492 1 
245953097 E124 21 1 11 0 right 48 492 1 
245953104 E124 21 1 12 0 right 64 -1 -1 
245954116 E124 21 1 12 0 right 64 -1 -1 
245954605 E124 21 1 12 0 right 64 404 1 
245958253 E124 21 1 12 0 right 64 404 1 
245961254 E124 21 1 12 0 right 64 404 1 
245961261 E124 21 1 13 0 left 48 -1 -1 
245962272 E124 21 1 13 0 left 48 -1 -1 
245963125 E124 21 1 13 0 left 48 785 1 
245966943 E124 21 1 13 0 left 48 785 1 
245969943 E124 21 1 13 0 left 48 785 1 
245969950 E124 21 1 14 0 left 16 -1 -1 
245970962 E124 21 1 14 0 left 16 -1 -1 
245972094 E124 21 1 14 0 left 16 1081 1 
245976784 E124 21 1 14 0 left 16 1081 1 
245979784 E124 21 1 14 0 left 16 1081 1 
245979791 E124 21 1 15 0 left 64 -1 -1 
245980802 E124 21 1 15 0 left 64 -1 -1 
245981454 E124 21 1 15 0 left 64 567 1 
245985340 E124 21 1 15 0 left 64 567 1 
245988340 E124 21 1 15 0 left 64 567 1 
245988347 E124 21 1 16 0 left 16 -1 -1 
245989359 E124 21 1 16 0 left 16 -1 -1 
245990413 E124 21 1 16 0 left 16 1019 1 
245994897 E124 21 1 16 0 left 16 1019 1 
245997897 E124 21 1 16 0 left 16 1019 1 
245997904 E124 21 1 17 0 left 64 -1 -1 
245998916 E124 21 1 17 0 left 64 -1 -1 
245999661 E124 21 1 17 0 left 64 660 1 
246003787 E124 21 1 17 0 left 64 660 1 
246006787 E124 21 1 17 0 left 64 660 1 
246006794 E124 21 1 18 0 right 64 -1 -1 
246007806 E124 21 1 18 0 right 64 -1 -1 
246008988 E124 21 1 18 0 right 64 1097 1 
246013194 E124 21 1 18 0 right 64 1097 1 
246016194 E124 21 1 18 0 right 64 1097 1 
246016201 E124 21 1 19 0 left 32 -1 -1 
246017213 E124 21 1 19 0 left 32 -1 -1 
246017892 E124 21 1 19 0 left 32 628 1 
246022935 E124 21 1 19 0 left 32 628 1 
246025935 E124 21 1 19 0 left 32 628 1 
246025942 E124 21 1 20 0 right 32 -1 -1 
246026953 E124 21 1 20 0 right 32 -1 -1 
246027612 E124 21 1 20 0 right 32 607 0 
246032075 E124 21 1 20 0 right 32 607 0 
246035075 E124 21 1 20 0 right 32 607 0 
246035082 E124 21 1 21 0 left 32 -1 -1 
246036094 E124 21 1 21 0 left 32 -1 -1 
246037253 E124 21 1 21 0 left 32 1108 1 
246041599 E124 21 1 21 0 left 32 1108 1 
246044599 E124 21 1 21 0 left 32 1108 1 
246044605 E124 21 1 22 0 right 48 -1 -1 
246045617 E124 21 1 22 0 right 48 -1 -1 
246046148 E124 21 1 22 0 right 48 463 1 
246050055 E124 21 1 22 0 right 48 463 1 
246053055 E124 21 1 22 0 right 48 463 1 
246053062 E124 21 1 23 0 left 64 -1 -1 
246054073 E124 21 1 23 0 left 64 -1 -1 
246054701 E124 21 1 23 0 left 64 543 1 
246063615 E124 21 1 23 0 left 64 543 1 
246066615 E124 21 1 23 0 left 64 543 1 
246066621 E124 21 1 24 0 left 16 -1 -1 
246067634 E124 21 1 24 0 left 16 -1 -1 
246068507 E124 21 1 24 0 left 16 839 1 
246072572 E124 21 1 24 0 left 16 839 1 
246075572 E124 21 1 24 0 left 16 839 1 
246075578 E124 21 1 25 0 left 48 -1 -1 
246076590 E124 21 1 25 0 left 48 -1 -1 
246077227 E124 21 1 25 0 left 48 569 1 
246081261 E124 21 1 25 0 left 48 569 1 
246084261 E124 21 1 25 0 left 48 569 1 
246084268 E124 21 1 26 0 right 32 -1 -1 
246085280 E124 21 1 26 0 right 32 -1 -1 
246086435 E124 21 1 26 0 right 32 1104 0 
246089951 E124 21 1 26 0 right 32 1104 0 
246092951 E124 21 1 26 0 right 32 1104 0 
246092958 E124 21 1 27 0 left 16 -1 -1 
246093970 E124 21 1 27 0 left 16 -1 -1 
246094723 E124 21 1 27 0 left 16 718 1 
246099275 E124 21 1 27 0 left 16 718 1 
246102275 E124 21 1 27 0 left 16 718 1 
246102282 E124 21 1 28 0 left 32 -1 -1 
246103293 E124 21 1 28 0 left 32 -1 -1 
246103900 E124 21 1 28 0 left 32 555 1 
246107948 E124 21 1 28 0 left 32 555 1 
246110948 E124 21 1 28 0 left 32 555 1 
246110955 E124 21 1 29 0 left 16 -1 -1 
246111966 E124 21 1 29 0 left 16 -1 -1 
246112819 E124 21 1 29 0 left 16 818 1 
246117188 E124 21 1 29 0 left 16 818 1 
246120188 E124 21 1 29 0 left 16 818 1 
246120194 E124 21 1 30 0 left 64 -1 -1 
246121207 E124 21 1 30 0 left 64 -1 -1 
246121747 E124 21 1 30 0 left 64 455 1 
246125594 E124 21 1 30 0 left 64 455 1 
246128594 E124 21 1 30 0 left 64 455 1 
246128601 E124 21 1 31 0 right 48 -1 -1 
246129613 E124 21 1 31 0 right 48 -1 -1 
246130243 E124 21 1 31 0 right 48 562 1 
246135285 E124 21 1 31 0 right 48 562 1 
246138285 E124 21 1 31 0 right 48 562 1 
246143899 E124 21 1 32 0 right 64 -1 -1 
246144907 E124 21 1 32 0 right 64 -1 -1 
246145419 E124 21 1 32 0 right 64 427 1 
246149178 E124 21 1 32 0 right 64 427 1 
246152178 E124 21 1 32 0 right 64 427 1 
246152185 E124 21 1 33 0 right 16 -1 -1 
246153197 E124 21 1 33 0 right 16 -1 -1 
246153963 E124 21 1 33 0 right 16 731 1 
246166858 E124 21 1 33 0 right 16 731 1 
246169858 E124 21 1 33 0 right 16 731 1 
246169865 E124 21 1 34 0 left 64 -1 -1 
246170877 E124 21 1 34 0 left 64 -1 -1 
246171538 E124 21 1 34 0 left 64 576 1 
246175431 E124 21 1 34 0 left 64 576 1 
246178431 E124 21 1 34 0 left 64 576 1 
246178438 E124 21 1 35 0 right 16 -1 -1 
246179450 E124 21 1 35 0 right 16 -1 -1 
246180747 E124 21 1 35 0 right 16 1262 0 
246185305 E124 21 1 35 0 right 16 1262 0 
246188305 E124 21 1 35 0 right 16 1262 0 
246188313 E124 21 1 36 0 left 32 -1 -1 
246189324 E124 21 1 36 0 left 32 -1 -1 
246189987 E124 21 1 36 0 left 32 612 1 
246194178 E124 21 1 36 0 left 32 612 1 
246197178 E124 21 1 36 0 left 32 612 1 
246197186 E124 21 1 37 0 right 16 -1 -1 
246198197 E124 21 1 37 0 right 16 -1 -1 
246198906 E124 21 1 37 0 right 16 674 0 
246203969 E124 21 1 37 0 right 16 674 0 
246206969 E124 21 1 37 0 right 16 674 0 
246206975 E124 21 1 38 0 left 64 -1 -1 
246207988 E124 21 1 38 0 left 64 -1 -1 
246208641 E124 21 1 38 0 left 64 568 1 
246212342 E124 21 1 38 0 left 64 568 1 
246215342 E124 21 1 38 0 left 64 568 1 
246215349 E124 21 1 39 0 right 64 -1 -1 
246216360 E124 21 1 39 0 right 64 -1 -1 
246216905 E124 21 1 39 0 right 64 460 0 
246221265 E124 21 1 39 0 right 64 460 0 
246224265 E124 21 1 39 0 right 64 460 0 
246224272 E124 21 1 40 0 right 64 -1 -1 
246225284 E124 21 1 40 0 right 64 -1 -1 
246225977 E124 21 1 40 0 right 64 608 1 
246229838 E124 21 1 40 0 right 64 608 1 
246232838 E124 21 1 40 0 right 64 608 1 
246232845 E124 21 1 41 0 left 16 -1 -1 
246233857 E124 21 1 41 0 left 16 -1 -1 
246235689 E124 21 1 41 0 left 16 1797 0 
246239345 E124 21 1 41 0 left 16 1797 0 
246242345 E124 21 1 41 0 left 16 1797 0 
246242352 E124 21 1 42 0 right 16 -1 -1 
246243364 E124 21 1 42 0 right 16 -1 -1 
246244113 E124 21 1 42 0 right 16 714 1 
246247735 E124 21 1 42 0 right 16 714 1 
246250735 E124 21 1 42 0 right 16 714 1 
246250741 E124 21 1 43 0 left 64 -1 -1 
246251753 E124 21 1 43 0 left 64 -1 -1 
246252465 E124 21 1 43 0 left 64 627 1 
246257125 E124 21 1 43 0 left 64 627 1 
246260125 E124 21 1 43 0 left 64 627 1 
246260132 E124 21 1 44 0 right 48 -1 -1 
246261144 E124 21 1 44 0 right 48 -1 -1 
246261833 E124 21 1 44 0 right 48 621 1 
246266115 E124 21 1 44 0 right 48 621 1 
246269115 E124 21 1 44 0 right 48 621 1 
246269122 E124 21 1 45 0 right 32 -1 -1 
246270134 E124 21 1 45 0 right 32 -1 -1 
246270680 E124 21 1 45 0 right 32 495 1 
246274555 E124 21 1 45 0 right 32 495 1 
246277555 E124 21 1 45 0 right 32 495 1 
246277561 E124 21 1 46 0 left 48 -1 -1 
246278573 E124 21 1 46 0 left 48 -1 -1 
246279200 E124 21 1 46 0 left 48 558 1 
246283928 E124 21 1 46 0 left 48 558 1 
246286928 E124 21 1 46 0 left 48 558 1 
246286935 E124 21 1 47 0 right 32 -1 -1 
246287947 E124 21 1 47 0 right 32 -1 -1 
246288553 E124 21 1 47 0 right 32 555 1 
246292334 E124 21 1 47 0 right 32 555 1 
246295334 E124 21 1 47 0 right 32 555 1 
246295340 E124 21 1 48 0 left 48 -1 -1 
246296353 E124 21 1 48 0 left 48 -1 -1 
246296896 E124 21 1 48 0 left 48 475 1 
246300824 E124 21 1 48 0 left 48 475 1 
246303824 E124 21 1 48 0 left 48 475 1 
246303831 E124 21 1 49 0 right 32 -1 -1 
246304843 E124 21 1 49 0 right 32 -1 -1 
246305488 E124 21 1 49 0 right 32 594 1 
246309464 E124 21 1 49 0 right 32 594 1 
246312464 E124 21 1 49 0 right 32 594 1 
246312471 E124 21 1 50 0 left 48 -1 -1 
246313482 E124 21 1 50 0 left 48 -1 -1 
246314329 E124 21 1 50 0 left 48 778 1 
246318604 E124 21 1 50 0 left 48 778 1 
246321604 E124 21 1 50 0 left 48 778 1 
246321611 E124 21 1 51 0 right 16 -1 -1 
246322622 E124 21 1 51 0 right 16 -1 -1 
246323209 E124 21 1 51 0 right 16 551 0 
246327494 E124 21 1 51 0 right 16 551 0 
246330494 E124 21 1 51 0 right 16 551 0 
246330501 E124 21 1 52 0 right 48 -1 -1 
246331512 E124 21 1 52 0 right 48 -1 -1 
246332208 E124 21 1 52 0 right 48 627 1 
246336317 E124 21 1 52 0 right 48 627 1 
246339317 E124 21 1 52 0 right 48 627 1 
246339324 E124 21 1 53 0 right 32 -1 -1 
246340336 E124 21 1 53 0 right 32 -1 -1 
246340935 E124 21 1 53 0 right 32 548 1 
246345007 E124 21 1 53 0 right 32 548 1 
246348007 E124 21 1 53 0 right 32 548 1 
246348013 E124 21 1 54 0 right 16 -1 -1 
246349025 E124 21 1 54 0 right 16 -1 -1 
246349743 E124 21 1 54 0 right 16 683 1 
246354397 E124 21 1 54 0 right 16 683 1 
246357397 E124 21 1 54 0 right 16 683 1 
246357404 E124 21 1 55 0 right 16 -1 -1 
246358416 E124 21 1 55 0 right 16 -1 -1 
246358968 E124 21 1 55 0 right 16 517 0 
246362954 E124 21 1 55 0 right 16 517 0 
246365954 E124 21 1 55 0 right 16 517 0 
246365961 E124 21 1 56 0 right 32 -1 -1 
246366972 E124 21 1 56 0 right 32 -1 -1 
246367608 E124 21 1 56 0 right 32 585 1 
246371593 E124 21 1 56 0 right 32 585 1 
246374593 E124 21 1 56 0 right 32 585 1 
246374600 E124 21 1 57 0 left 16 -1 -1 
246375612 E124 21 1 57 0 left 16 -1 -1 
246376279 E124 21 1 57 0 left 16 632 1 
246380450 E124 21 1 57 0 left 16 632 1 
246383450 E124 21 1 57 0 left 16 632 1 
246383457 E124 21 1 58 0 left 64 -1 -1 
246384468 E124 21 1 58 0 left 64 -1 -1 
246384984 E124 21 1 58 0 left 64 430 1 
246389056 E124 21 1 58 0 left 64 430 1 
246392056 E124 21 1 58 0 left 64 430 1 
246392063 E124 21 1 59 0 right 16 -1 -1 
246393075 E124 21 1 59 0 right 16 -1 -1 
246393840 E124 21 1 59 0 right 16 730 0 
246398580 E124 21 1 59 0 right 16 730 0 
246401580 E124 21 1 59 0 right 16 730 0 
246401587 E124 21 1 60 0 left 32 -1 -1 
246402598 E124 21 1 60 0 left 32 -1 -1 
246403638 E124 21 1 60 0 left 32 988 1 
246407520 E124 21 1 60 0 left 32 988 1 
246410520 E124 21 1 60 0 left 32 988 1 
246410526 E124 21 1 61 0 left 32 -1 -1 
246411538 E124 21 1 61 0 left 32 -1 -1 
246412206 E124 21 1 61 0 left 32 616 1 
246416026 E124 21 1 61 0 left 32 616 1 
246419026 E124 21 1 61 0 left 32 616 1 
246419032 E124 21 1 62 0 left 16 -1 -1 
246420045 E124 21 1 62 0 left 16 -1 -1 
246420782 E124 21 1 62 0 left 16 686 1 
246425233 E124 21 1 62 0 left 16 686 1 
246428233 E124 21 1 62 0 left 16 686 1 
246428240 E124 21 1 63 0 left 48 -1 -1 
246429252 E124 21 1 63 0 left 48 -1 -1 
246430559 E124 21 1 63 0 left 48 1239 1 
246434306 E124 21 1 63 0 left 48 1239 1 
246437306 E124 21 1 63 0 left 48 1239 1 
246451142 E124 21 1 64 0 right 48 -1 -1 
246452152 E124 21 1 64 0 right 48 -1 -1 
246452927 E124 21 1 64 0 right 48 707 1 
246456656 E124 21 1 64 0 right 48 707 1 
246459656 E124 21 1 64 0 right 48 707 1 
246459663 E124 21 1 65 0 left 32 -1 -1 
246460675 E124 21 1 65 0 left 32 -1 -1 
246461718 E124 21 1 65 0 left 32 991 1 
246466614 E124 21 1 65 0 left 32 991 1 
246469614 E124 21 1 65 0 left 32 991 1 
246469621 E124 21 1 66 0 left 48 -1 -1 
246470632 E124 21 1 66 0 left 48 -1 -1 
246471469 E124 21 1 66 0 left 48 768 1 
246477105 E124 21 1 66 0 left 48 768 1 
246480105 E124 21 1 66 0 left 48 768 1 
246480111 E124 21 1 67 0 left 48 -1 -1 
246481123 E124 21 1 67 0 left 48 -1 -1 
246481885 E124 21 1 67 0 left 48 693 1 
246485795 E124 21 1 67 0 left 48 693 1 
246488795 E124 21 1 67 0 left 48 693 1 
246488802 E124 21 1 68 0 right 64 -1 -1 
246489813 E124 21 1 68 0 right 64 -1 -1 
246490517 E124 21 1 68 0 right 64 619 1 
246494718 E124 21 1 68 0 right 64 619 1 
246497718 E124 21 1 68 0 right 64 619 1 
246497725 E124 21 1 69 0 right 64 -1 -1 
246498736 E124 21 1 69 0 right 64 -1 -1 
246499237 E124 21 1 69 0 right 64 415 1 
246503257 E124 21 1 69 0 right 64 415 1 
246506257 E124 21 1 69 0 right 64 415 1 
246506264 E124 21 1 70 0 left 64 -1 -1 
246507276 E124 21 1 70 0 left 64 -1 -1 
246508126 E124 21 1 70 0 left 64 765 1 
246513232 E124 21 1 70 0 left 64 765 1 
246516232 E124 21 1 70 0 left 64 765 1 
246516239 E124 21 1 71 0 right 16 -1 -1 
246517250 E124 21 1 71 0 right 16 -1 -1 
246517949 E124 21 1 71 0 right 16 664 0 
246521721 E124 21 1 71 0 right 16 664 0 
246524721 E124 21 1 71 0 right 16 664 0 
246524728 E124 21 1 72 0 left 16 -1 -1 
246525740 E124 21 1 72 0 left 16 -1 -1 
246526541 E124 21 1 72 0 left 16 749 1 
246530328 E124 21 1 72 0 left 16 749 1 
246533328 E124 21 1 72 0 left 16 749 1 
246533335 E124 21 1 73 0 left 64 -1 -1 
246534346 E124 21 1 73 0 left 64 -1 -1 
246535020 E124 21 1 73 0 left 64 589 1 
246539017 E124 21 1 73 0 left 64 589 1 
246542017 E124 21 1 73 0 left 64 589 1 
246542024 E124 21 1 74 0 left 16 -1 -1 
246543036 E124 21 1 74 0 left 16 -1 -1 
246543837 E124 21 1 74 0 left 16 766 1 
246547924 E124 21 1 74 0 left 16 766 1 
246550924 E124 21 1 74 0 left 16 766 1 
246550931 E124 21 1 75 0 left 16 -1 -1 
246551943 E124 21 1 75 0 left 16 -1 -1 
246552612 E124 21 1 75 0 left 16 634 1 
246556480 E124 21 1 75 0 left 16 634 1 
246559480 E124 21 1 75 0 left 16 634 1 
246559487 E124 21 1 76 0 right 48 -1 -1 
246560499 E124 21 1 76 0 right 48 -1 -1 
246561220 E124 21 1 76 0 right 48 653 1 
246565070 E124 21 1 76 0 right 48 653 1 
246568070 E124 21 1 76 0 right 48 653 1 
246568077 E124 21 1 77 0 left 64 -1 -1 
246569089 E124 21 1 77 0 left 64 -1 -1 
246569644 E124 21 1 77 0 left 64 470 1 
246573276 E124 21 1 77 0 left 64 470 1 
246576276 E124 21 1 77 0 left 64 470 1 
246576283 E124 21 1 78 0 right 64 -1 -1 
246577295 E124 21 1 78 0 right 64 -1 -1 
246578037 E124 21 1 78 0 right 64 657 1 
246581666 E124 21 1 78 0 right 64 657 1 
246584666 E124 21 1 78 0 right 64 657 1 
246584673 E124 21 1 79 0 right 48 -1 -1 
246585684 E124 21 1 79 0 right 48 -1 -1 
246586524 E124 21 1 79 0 right 48 771 1 
246591456 E124 21 1 79 0 right 48 771 1 
246594456 E124 21 1 79 0 right 48 771 1 
246594463 E124 21 1 80 0 right 32 -1 -1 
246595475 E124 21 1 80 0 right 32 -1 -1 
246596037 E124 21 1 80 0 right 32 510 1 
246599946 E124 21 1 80 0 right 32 510 1 
246602946 E124 21 1 80 0 right 32 510 1 
246602953 E124 21 1 81 0 left 32 -1 -1 
246603964 E124 21 1 81 0 left 32 -1 -1 
246604755 E124 21 1 81 0 left 32 739 1 
246609403 E124 21 1 81 0 left 32 739 1 
246612403 E124 21 1 81 0 left 32 739 1 
246612413 E124 21 1 82 0 right 48 -1 -1 
246613421 E124 21 1 82 0 right 48 -1 -1 
246614156 E124 21 1 82 0 right 48 666 1 
246618209 E124 21 1 82 0 right 48 666 1 
246621209 E124 21 1 82 0 right 48 666 1 
246621216 E124 21 1 83 0 left 64 -1 -1 
246622228 E124 21 1 83 0 left 64 -1 -1 
246622955 E124 21 1 83 0 left 64 642 1 
246626549 E124 21 1 83 0 left 64 642 1 
246629549 E124 21 1 83 0 left 64 642 1 
246629556 E124 21 1 84 0 right 16 -1 -1 
246630568 E124 21 1 84 0 right 16 -1 -1 
246631187 E124 21 1 84 0 right 16 584 1 
246635105 E124 21 1 84 0 right 16 584 1 
246638105 E124 21 1 84 0 right 16 584 1 
246638112 E124 21 1 85 0 left 32 -1 -1 
246639124 E124 21 1 85 0 left 32 -1 -1 
246639716 E124 21 1 85 0 left 32 540 1 
246643345 E124 21 1 85 0 left 32 540 1 
246646345 E124 21 1 85 0 left 32 540 1 
246646352 E124 21 1 86 0 left 48 -1 -1 
246647363 E124 21 1 86 0 left 48 -1 -1 
246647987 E124 21 1 86 0 left 48 555 1 
246651718 E124 21 1 86 0 left 48 555 1 
246654718 E124 21 1 86 0 left 48 555 1 
246654725 E124 21 1 87 0 left 48 -1 -1 
246655736 E124 21 1 87 0 left 48 -1 -1 
246656627 E124 21 1 87 0 left 48 822 1 
246660925 E124 21 1 87 0 left 48 822 1 
246663925 E124 21 1 87 0 left 48 822 1 
246663932 E124 21 1 88 0 right 64 -1 -1 
246664943 E124 21 1 88 0 right 64 -1 -1 
246665618 E124 21 1 88 0 right 64 590 1 
246669414 E124 21 1 88 0 right 64 590 1 
246672414 E124 21 1 88 0 right 64 590 1 
246672421 E124 21 1 89 0 right 64 -1 -1 
246673433 E124 21 1 89 0 right 64 -1 -1 
246674258 E124 21 1 89 0 right 64 740 1 
246677870 E124 21 1 89 0 right 64 740 1 
246680870 E124 21 1 89 0 right 64 740 1 
246680877 E124 21 1 90 0 right 64 -1 -1 
246681889 E124 21 1 90 0 right 64 -1 -1 
246682778 E124 21 1 90 0 right 64 804 1 
246686493 E124 21 1 90 0 right 64 804 1 
246689493 E124 21 1 90 0 right 64 804 1 
246689499 E124 21 1 91 0 right 48 -1 -1 
246690512 E124 21 1 91 0 right 48 -1 -1 
246691106 E124 21 1 91 0 right 48 526 1 
246695000 E124 21 1 91 0 right 48 526 1 
246698000 E124 21 1 91 0 right 48 526 1 
246698007 E124 21 1 92 0 right 48 -1 -1 
246699018 E124 21 1 92 0 right 48 -1 -1 
246699698 E124 21 1 92 0 right 48 611 1 
246704006 E124 21 1 92 0 right 48 611 1 
246707006 E124 21 1 92 0 right 48 611 1 
246707013 E124 21 1 93 0 left 48 -1 -1 
246708025 E124 21 1 93 0 left 48 -1 -1 
246708859 E124 21 1 93 0 left 48 766 1 
246712646 E124 21 1 93 0 left 48 766 1 
246715646 E124 21 1 93 0 left 48 766 1 
246715653 E124 21 1 94 0 left 32 -1 -1 
246716665 E124 21 1 94 0 left 32 -1 -1 
246717338 E124 21 1 94 0 left 32 622 1 
246721436 E124 21 1 94 0 left 32 622 1 
246724436 E124 21 1 94 0 left 32 622 1 
246724442 E124 21 1 95 0 left 48 -1 -1 
246725454 E124 21 1 95 0 left 48 -1 -1 
246726162 E124 21 1 95 0 left 48 639 1 
246729826 E124 21 1 95 0 left 48 639 1 
246732826 E124 21 1 95 0 left 48 639 1 
