sysTime timestamp ecg beat ibi 
0 3232544.000000 2.624633 0 0.000000 
0 3236428.000000 2.629521 0 0.000000 
0 3240316.000000 2.629521 0 0.000000 
0 3244200.000000 2.609971 0 0.000000 
0 3248060.000000 2.585533 0 0.000000 
0 3251948.000000 2.551320 0 0.000000 
0 3255836.000000 2.521994 0 0.000000 
0 3259724.000000 2.487781 0 0.000000 
0 3263596.000000 2.453568 0 0.000000 
0 3267476.000000 2.419355 0 0.000000 
0 3271364.000000 2.399805 0 0.000000 
0 3275236.000000 2.380254 0 0.000000 
0 3279108.000000 2.370479 0 0.000000 
0 3282988.000000 2.365591 0 0.000000 
0 3286860.000000 2.365591 0 0.000000 
0 3290748.000000 2.380254 0 0.000000 
0 3294628.000000 2.404692 0 0.000000 
0 3298508.000000 2.429130 0 0.000000 
0 3302384.000000 2.468231 0 0.000000 
0 3306252.000000 2.482893 0 0.000000 
0 3310124.000000 2.517107 0 0.000000 
0 3313996.000000 2.556207 0 0.000000 
0 3317860.000000 2.595308 0 0.000000 
0 3321732.000000 2.629521 0 0.000000 
0 3325620.000000 2.658847 0 0.000000 
0 3329508.000000 2.693060 0 0.000000 
0 3333380.000000 2.727273 0 0.000000 
0 3337260.000000 2.781036 0 0.000000 
0 3341124.000000 2.805474 0 0.000000 
0 3344988.000000 2.834800 0 0.000000 
0 3348868.000000 2.869013 0 0.000000 
0 3352752.000000 2.898338 0 0.000000 
0 3356628.000000 2.942327 0 0.000000 
0 3360516.000000 2.961877 0 0.000000 
0 3364408.000000 2.986315 0 0.000000 
0 3368276.000000 3.000978 0 0.000000 
0 3372132.000000 3.020528 0 0.000000 
0 3375996.000000 3.064516 0 0.000000 
0 3379876.000000 3.074291 0 0.000000 
0 3383756.000000 3.098729 0 0.000000 
0 3387636.000000 3.113392 0 0.000000 
0 3391524.000000 3.132942 0 0.000000 
0 3395404.000000 3.167156 0 0.000000 
0 3399276.000000 3.196481 0 0.000000 
0 3403140.000000 3.240469 0 0.000000 
0 3407020.000000 3.274682 0 0.000000 
0 3410900.000000 3.318671 0 0.000000 
0 3414780.000000 3.367546 0 0.000000 
0 3418660.000000 3.426198 0 0.000000 
0 3422548.000000 3.475073 0 0.000000 
0 3426428.000000 3.528837 0 0.000000 
0 3430300.000000 3.582600 0 0.000000 
0 3434180.000000 3.646139 0 0.000000 
0 3438056.000000 3.714565 0 0.000000 
0 3441932.000000 3.778104 0 0.000000 
0 3445804.000000 3.846530 0 0.000000 
0 3449680.000000 3.910069 0 0.000000 
0 3453552.000000 3.993157 0 0.000000 
0 3457428.000000 4.056696 0 0.000000 
0 3461292.000000 4.125122 0 0.000000 
0 3465164.000000 4.193548 0 0.000000 
0 3469036.000000 4.257087 0 0.000000 
0 3472908.000000 4.320626 0 0.000000 
0 3476780.000000 4.393939 0 0.000000 
0 3480652.000000 4.452590 0 0.000000 
0 3484524.000000 4.511241 0 0.000000 
0 3488412.000000 4.560117 0 0.000000 
0 3492284.000000 4.618768 0 0.000000 
0 3496172.000000 4.667644 0 0.000000 
0 3500044.000000 4.726295 0 0.000000 
0 3503916.000000 4.760509 0 0.000000 
0 3507788.000000 4.789834 0 0.000000 
0 3511660.000000 4.838710 0 0.000000 
0 3515532.000000 4.868035 0 0.000000 
0 3519404.000000 4.907136 0 0.000000 
0 3523276.000000 4.926686 0 0.000000 
0 3527148.000000 4.926686 0 0.000000 
0 3531028.000000 4.946237 0 0.000000 
0 3534900.000000 4.956012 0 0.000000 
0 3538772.000000 4.980450 0 0.000000 
0 3542644.000000 4.956012 0 0.000000 
0 3546524.000000 4.946237 0 0.000000 
0 3550404.000000 4.941349 0 0.000000 
0 3554268.000000 4.936461 0 0.000000 
0 3558140.000000 4.931574 0 0.000000 
0 3562020.000000 4.912024 0 0.000000 
0 3565900.000000 4.897361 0 0.000000 
0 3569764.000000 4.877810 0 0.000000 
0 3573636.000000 4.858260 0 0.000000 
0 3577516.000000 4.843597 0 0.000000 
0 3581404.000000 4.809384 0 0.000000 
0 3585268.000000 4.784946 0 0.000000 
0 3589144.000000 4.750733 0 0.000000 
0 3593020.000000 4.740958 0 0.000000 
0 3596892.000000 4.696970 0 0.000000 
0 3600764.000000 4.657869 0 0.000000 
0 3604644.000000 4.633431 0 0.000000 
0 3608516.000000 4.589443 0 0.000000 
0 3612396.000000 4.560117 0 0.000000 
0 3616268.000000 4.525904 0 0.000000 
0 3620132.000000 4.491691 0 0.000000 
0 3624012.000000 4.467253 0 0.000000 
0 3627884.000000 4.423265 0 0.000000 
0 3631764.000000 4.393939 0 0.000000 
0 3635644.000000 4.359726 0 0.000000 
0 3639524.000000 4.335289 0 0.000000 
0 3643412.000000 4.301075 0 0.000000 
0 3647268.000000 4.261975 0 0.000000 
0 3651148.000000 4.237536 0 0.000000 
0 3655028.000000 4.213099 0 0.000000 
0 3658908.000000 4.188661 0 0.000000 
0 3662780.000000 4.149560 0 0.000000 
0 3666660.000000 4.115347 0 0.000000 
0 3670540.000000 4.066471 0 0.000000 
0 3674412.000000 4.032258 0 0.000000 
0 3678272.000000 3.993157 0 0.000000 
0 3682140.000000 3.939394 0 0.000000 
0 3686020.000000 3.900293 0 0.000000 
0 3689892.000000 3.846530 0 0.000000 
0 3693772.000000 3.807429 0 0.000000 
0 3697644.000000 3.778104 0 0.000000 
0 3701508.000000 3.739003 0 0.000000 
0 3705384.000000 3.714565 0 0.000000 
0 3709252.000000 3.680352 0 0.000000 
0 3713116.000000 3.665689 0 0.000000 
0 3716988.000000 3.670577 0 0.000000 
0 3720860.000000 3.646139 0 0.000000 
0 3724740.000000 3.651026 0 0.000000 
0 3728620.000000 3.626589 0 0.000000 
0 3732500.000000 3.621701 0 0.000000 
0 3736372.000000 3.621701 0 0.000000 
0 3740244.000000 3.611926 0 0.000000 
0 3744116.000000 3.611926 0 0.000000 
0 3748004.000000 3.602150 0 0.000000 
0 3751868.000000 3.602150 0 0.000000 
0 3755740.000000 3.607038 0 0.000000 
0 3759604.000000 3.611926 0 0.000000 
0 3763484.000000 3.607038 0 0.000000 
0 3767344.000000 3.592375 0 0.000000 
0 3771216.000000 3.592375 0 0.000000 
0 3775084.000000 3.621701 0 0.000000 
0 3778968.000000 3.685240 0 0.000000 
0 3782852.000000 3.802542 0 0.000000 
0 3786716.000000 3.973607 0 0.000000 
0 3790588.000000 4.198436 0 0.000000 
0 3794468.000000 4.447703 0 0.000000 
0 3798348.000000 4.667644 0 0.000000 
0 3802216.000000 4.780059 0 0.000000 
0 3806060.000000 4.677419 0 0.000000 
0 3809940.000000 4.403715 0 0.000000 
0 3813820.000000 4.022483 0 0.000000 
0 3817692.000000 3.621701 0 0.000000 
0 3821564.000000 3.284457 0 0.000000 
0 3825444.000000 3.044966 0 0.000000 
0 3829312.000000 2.917889 0 0.000000 
0 3833196.000000 2.893451 0 0.000000 
0 3837060.000000 2.922776 0 0.000000 
0 3840944.000000 2.981427 0 0.000000 
0 3844820.000000 3.015640 0 0.000000 
0 3848692.000000 3.069404 0 0.000000 
0 3852564.000000 3.084066 0 0.000000 
0 3856428.000000 3.088954 0 0.000000 
0 3860292.000000 3.079179 0 0.000000 
0 3864164.000000 3.064516 0 0.000000 
0 3868044.000000 3.035191 0 0.000000 
0 3871916.000000 3.015640 0 0.000000 
0 3875792.000000 2.986315 0 0.000000 
0 3879680.000000 2.966764 0 0.000000 
0 3883552.000000 2.932551 0 0.000000 
0 3887436.000000 2.903226 0 0.000000 
0 3891300.000000 2.883676 0 0.000000 
0 3895172.000000 2.859237 0 0.000000 
0 3899044.000000 2.849462 0 0.000000 
0 3902924.000000 2.820137 0 0.000000 
0 3906812.000000 2.790811 0 0.000000 
0 3910684.000000 2.771261 0 0.000000 
0 3914556.000000 2.746823 0 0.000000 
0 3918436.000000 2.737048 0 0.000000 
0 3922308.000000 2.712610 0 0.000000 
0 3926188.000000 2.697947 0 0.000000 
0 3930060.000000 2.678397 0 0.000000 
0 3933940.000000 2.678397 0 0.000000 
0 3937812.000000 2.658847 0 0.000000 
0 3941692.000000 2.663734 0 0.000000 
0 3945572.000000 2.634409 0 0.000000 
0 3949448.000000 2.624633 0 0.000000 
0 3953336.000000 2.624633 0 0.000000 
0 3957220.000000 2.619746 0 0.000000 
0 3961092.000000 2.619746 0 0.000000 
0 3964976.000000 2.609971 0 0.000000 
0 3968836.000000 2.609971 0 0.000000 
0 3972708.000000 2.605083 0 0.000000 
0 3976580.000000 2.605083 0 0.000000 
0 3980452.000000 2.605083 0 0.000000 
0 3984308.000000 2.605083 0 0.000000 
0 3988180.000000 2.605083 0 0.000000 
0 3992044.000000 2.614858 0 0.000000 
0 3995928.000000 2.624633 0 0.000000 
0 3999812.000000 2.639296 0 0.000000 
0 4003692.000000 2.639296 0 0.000000 
0 4007572.000000 2.649071 0 0.000000 
0 4011452.000000 2.658847 0 0.000000 
0 4015340.000000 2.673509 0 0.000000 
0 4019220.000000 2.683285 0 0.000000 
0 4023092.000000 2.697947 0 0.000000 
0 4026980.000000 2.688172 0 0.000000 
0 4030860.000000 2.697947 0 0.000000 
0 4034740.000000 2.702835 0 0.000000 
0 4038612.000000 2.707722 0 0.000000 
0 4042492.000000 2.712610 0 0.000000 
0 4046364.000000 2.712610 0 0.000000 
0 4050232.000000 2.717498 0 0.000000 
0 4054100.000000 2.712610 0 0.000000 
0 4057972.000000 2.707722 0 0.000000 
0 4061852.000000 2.693060 0 0.000000 
0 4065724.000000 2.663734 0 0.000000 
0 4069612.000000 2.639296 0 0.000000 
0 4073500.000000 2.600195 0 0.000000 
0 4077356.000000 2.575758 0 0.000000 
0 4081228.000000 2.526882 0 0.000000 
0 4085108.000000 2.478006 0 0.000000 
0 4088972.000000 2.438905 0 0.000000 
0 4092844.000000 2.394917 0 0.000000 
0 4096724.000000 2.375367 0 0.000000 
0 4100604.000000 2.331378 0 0.000000 
0 4104492.000000 2.306940 0 0.000000 
0 4108364.000000 2.282502 0 0.000000 
0 4112228.000000 2.267840 0 0.000000 
0 4116092.000000 2.267840 0 0.000000 
0 4119964.000000 2.262952 0 0.000000 
0 4123844.000000 2.262952 0 0.000000 
0 4127716.000000 2.267840 0 0.000000 
0 4131596.000000 2.272727 0 0.000000 
0 4135476.000000 2.287390 0 0.000000 
0 4139356.000000 2.302053 0 0.000000 
0 4143228.000000 2.321603 0 0.000000 
0 4147084.000000 2.331378 0 0.000000 
0 4150972.000000 2.350929 0 0.000000 
0 4154852.000000 2.375367 0 0.000000 
0 4158732.000000 2.394917 0 0.000000 
0 4162608.000000 2.414467 0 0.000000 
0 4166484.000000 2.429130 0 0.000000 
0 4170356.000000 2.453568 0 0.000000 
0 4174228.000000 2.468231 0 0.000000 
0 4178100.000000 2.487781 0 0.000000 
0 4181972.000000 2.502444 0 0.000000 
0 4185844.000000 2.517107 0 0.000000 
0 4189716.000000 2.536657 0 0.000000 
0 4193596.000000 2.551320 0 0.000000 
0 4197476.000000 2.580645 0 0.000000 
0 4201340.000000 2.585533 0 0.000000 
0 4205220.000000 2.590420 0 0.000000 
0 4209084.000000 2.605083 0 0.000000 
0 4212956.000000 2.614858 0 0.000000 
0 4216828.000000 2.619746 0 0.000000 
0 4220716.000000 2.629521 0 0.000000 
0 4224604.000000 2.639296 0 0.000000 
0 4228492.000000 2.634409 0 0.000000 
0 4232372.000000 2.649071 0 0.000000 
0 4236236.000000 2.649071 0 0.000000 
0 4240100.000000 2.653959 0 0.000000 
0 4243980.000000 2.653959 0 0.000000 
0 4247852.000000 2.649071 0 0.000000 
0 4251724.000000 2.649071 0 0.000000 
0 4255588.000000 2.653959 0 0.000000 
0 4259468.000000 2.653959 0 0.000000 
0 4263348.000000 2.649071 0 0.000000 
0 4267228.000000 2.639296 0 0.000000 
0 4271100.000000 2.634409 0 0.000000 
0 4274980.000000 2.639296 0 0.000000 
0 4278860.000000 2.634409 0 0.000000 
0 4282740.000000 2.629521 0 0.000000 
0 4286632.000000 2.624633 0 0.000000 
0 4290508.000000 2.619746 0 0.000000 
0 4294396.000000 2.614858 0 0.000000 
0 4298268.000000 2.614858 0 0.000000 
0 4302140.000000 2.605083 0 0.000000 
0 4306004.000000 2.600195 0 0.000000 
0 4309868.000000 2.590420 0 0.000000 
0 4313740.000000 2.590420 0 0.000000 
0 4317612.000000 2.590420 0 0.000000 
0 4321492.000000 2.585533 0 0.000000 
0 4325372.000000 2.585533 0 0.000000 
0 4329244.000000 2.565982 0 0.000000 
0 4333124.000000 2.561095 0 0.000000 
0 4336996.000000 2.561095 0 0.000000 
0 4340868.000000 2.551320 0 0.000000 
0 4344748.000000 2.546432 0 0.000000 
0 4348628.000000 2.536657 0 0.000000 
0 4352516.000000 2.536657 0 0.000000 
0 4356396.000000 2.531769 0 0.000000 
0 4360268.000000 2.536657 0 0.000000 
0 4364132.000000 2.521994 0 0.000000 
0 4368020.000000 2.512219 0 0.000000 
0 4371900.000000 2.507331 0 0.000000 
0 4375788.000000 2.512219 0 0.000000 
0 4379676.000000 2.507331 0 0.000000 
0 4383556.000000 2.497556 0 0.000000 
0 4387436.000000 2.492669 0 0.000000 
0 4391308.000000 2.487781 0 0.000000 
0 4395188.000000 2.492669 0 0.000000 
0 4399052.000000 2.487781 0 0.000000 
0 4402936.000000 2.497556 0 0.000000 
0 4406812.000000 2.478006 0 0.000000 
0 4410676.000000 2.473118 0 0.000000 
0 4414548.000000 2.473118 0 0.000000 
0 4418432.000000 2.468231 0 0.000000 
0 4422300.000000 2.463343 0 0.000000 
0 4426188.000000 2.458456 0 0.000000 
0 4430060.000000 2.453568 0 0.000000 
0 4433948.000000 2.453568 0 0.000000 
0 4437828.000000 2.463343 0 0.000000 
0 4441716.000000 2.453568 0 0.000000 
0 4445604.000000 2.448680 0 0.000000 
0 4449468.000000 2.443793 0 0.000000 
0 4453340.000000 2.443793 0 0.000000 
0 4457228.000000 2.448680 0 0.000000 
0 4461084.000000 2.448680 0 0.000000 
0 4464948.000000 2.443793 0 0.000000 
0 4468828.000000 2.443793 0 0.000000 
0 4472708.000000 2.443793 0 0.000000 
0 4476588.000000 2.448680 0 0.000000 
0 4480452.000000 2.453568 0 0.000000 
0 4484332.000000 2.463343 0 0.000000 
0 4488216.000000 2.453568 0 0.000000 
0 4492096.000000 2.468231 0 0.000000 
0 4495972.000000 2.463343 0 0.000000 
0 4499860.000000 2.478006 0 0.000000 
0 4503724.000000 2.487781 0 0.000000 
0 4507596.000000 2.487781 0 0.000000 
0 4511476.000000 2.502444 0 0.000000 
0 4515348.000000 2.507331 0 0.000000 
0 4519232.000000 2.521994 0 0.000000 
0 4523104.000000 2.497556 0 0.000000 
0 4526972.000000 2.482893 0 0.000000 
0 4530852.000000 2.473118 0 0.000000 
0 4534740.000000 2.453568 0 0.000000 
0 4538628.000000 2.438905 0 0.000000 
0 4542508.000000 2.409580 0 0.000000 
0 4546372.000000 2.390029 0 0.000000 
0 4550236.000000 2.370479 0 0.000000 
0 4554108.000000 2.355816 0 0.000000 
0 4557996.000000 2.346041 0 0.000000 
0 4561860.000000 2.331378 0 0.000000 
0 4565748.000000 2.326491 0 0.000000 
0 4569620.000000 2.316715 0 0.000000 
0 4573500.000000 2.316715 0 0.000000 
0 4577380.000000 2.321603 0 0.000000 
0 4581236.000000 2.321603 0 0.000000 
0 4585108.000000 2.321603 0 0.000000 
0 4588988.000000 2.316715 0 0.000000 
0 4592868.000000 2.316715 0 0.000000 
0 4596744.000000 2.316715 0 0.000000 
0 4600620.000000 2.321603 0 0.000000 
0 4604492.000000 2.311828 0 0.000000 
0 4608372.000000 2.306940 0 0.000000 
0 4612236.000000 2.311828 0 0.000000 
0 4616100.000000 2.316715 0 0.000000 
0 4619980.000000 2.316715 0 0.000000 
0 4623868.000000 2.297165 0 0.000000 
0 4627756.000000 2.306940 0 0.000000 
0 4631628.000000 2.331378 0 0.000000 
0 4635508.000000 2.409580 0 0.000000 
0 4639380.000000 2.541544 0 0.000000 
0 4643260.000000 2.727273 0 0.000000 
0 4647132.000000 2.961877 0 0.000000 
0 4651020.000000 3.201369 0 0.000000 
0 4654888.000000 3.435973 0 0.000000 
0 4658764.000000 3.519062 0 0.000000 
0 4662644.000000 3.406647 0 0.000000 
0 4666524.000000 3.123167 0 0.000000 
0 4670396.000000 2.751711 0 0.000000 
0 4674276.000000 2.385142 0 0.000000 
0 4678148.000000 2.091887 0 0.000000 
0 4682024.000000 1.896383 0 0.000000 
0 4685892.000000 1.793744 0 0.000000 
0 4689772.000000 1.798631 0 0.000000 
0 4693652.000000 1.852395 0 0.000000 
0 4697540.000000 1.930596 0 0.000000 
0 4701424.000000 1.999022 0 0.000000 
0 4705288.000000 2.067449 0 0.000000 
0 4709148.000000 2.116324 0 0.000000 
0 4713036.000000 2.160313 0 0.000000 
0 4716908.000000 2.194526 0 0.000000 
0 4720804.000000 2.204301 0 0.000000 
0 4724668.000000 2.228739 0 0.000000 
0 4728548.000000 2.223851 0 0.000000 
0 4732436.000000 2.233627 0 0.000000 
0 4736308.000000 2.243402 0 0.000000 
0 4740172.000000 2.253177 0 0.000000 
0 4744052.000000 2.262952 0 0.000000 
0 4747932.000000 2.262952 0 0.000000 
0 4751812.000000 2.282502 0 0.000000 
0 4755692.000000 2.277615 0 0.000000 
0 4759580.000000 2.297165 0 0.000000 
0 4763460.000000 2.282502 0 0.000000 
0 4767332.000000 2.282502 0 0.000000 
0 4771212.000000 2.287390 0 0.000000 
0 4775084.000000 2.292278 0 0.000000 
0 4778964.000000 2.302053 0 0.000000 
0 4782836.000000 2.306940 0 0.000000 
0 4786708.000000 2.306940 0 0.000000 
0 4790588.000000 2.311828 0 0.000000 
0 4794460.000000 2.316715 0 0.000000 
0 4798332.000000 2.326491 0 0.000000 
0 4802212.000000 2.321603 0 0.000000 
0 4806076.000000 2.336266 0 0.000000 
0 4809956.000000 2.331378 0 0.000000 
0 4813844.000000 2.341153 0 0.000000 
0 4817724.000000 2.346041 0 0.000000 
0 4821596.000000 2.346041 0 0.000000 
0 4825468.000000 2.350929 0 0.000000 
0 4829348.000000 2.350929 0 0.000000 
0 4833220.000000 2.365591 0 0.000000 
0 4837100.000000 2.365591 0 0.000000 
0 4840988.000000 2.375367 0 0.000000 
0 4844868.000000 2.375367 0 0.000000 
0 4848748.000000 2.394917 0 0.000000 
0 4852628.000000 2.390029 0 0.000000 
0 4856500.000000 2.404692 0 0.000000 
0 4860372.000000 2.409580 0 0.000000 
0 4864244.000000 2.414467 0 0.000000 
0 4868124.000000 2.424242 0 0.000000 
0 4871996.000000 2.429130 0 0.000000 
0 4875868.000000 2.453568 0 0.000000 
0 4879748.000000 2.448680 0 0.000000 
0 4883620.000000 2.448680 0 0.000000 
0 4887484.000000 2.453568 0 0.000000 
0 4891364.000000 2.453568 0 0.000000 
0 4895244.000000 2.463343 0 0.000000 
0 4899124.000000 2.453568 0 0.000000 
0 4903004.000000 2.453568 0 0.000000 
0 4906884.000000 2.438905 0 0.000000 
0 4910764.000000 2.434018 0 0.000000 
0 4914644.000000 2.424242 0 0.000000 
0 4918524.000000 2.404692 0 0.000000 
0 4922404.000000 2.380254 0 0.000000 
0 4926268.000000 2.336266 0 0.000000 
0 4930140.000000 2.302053 0 0.000000 
0 4934020.000000 2.248289 0 0.000000 
0 4937900.000000 2.204301 0 0.000000 
0 4941772.000000 2.155425 0 0.000000 
0 4945660.000000 2.106549 0 0.000000 
0 4949540.000000 2.067449 0 0.000000 
0 4953412.000000 2.028348 0 0.000000 
0 4957272.000000 1.999022 0 0.000000 
0 4961132.000000 1.969697 0 0.000000 
0 4965016.000000 1.940372 0 0.000000 
0 4968904.000000 1.920821 0 0.000000 
0 4972784.000000 1.906158 0 0.000000 
0 4976668.000000 1.901271 0 0.000000 
0 4980532.000000 1.896383 0 0.000000 
0 4984416.000000 1.896383 0 0.000000 
0 4988284.000000 1.891496 0 0.000000 
0 4992168.000000 1.896383 0 0.000000 
0 4996040.000000 1.906158 0 0.000000 
0 4999916.000000 1.911046 0 0.000000 
0 5003800.000000 1.915934 0 0.000000 
0 5007688.000000 1.915934 0 0.000000 
0 5011568.000000 1.925709 0 0.000000 
0 5015440.000000 1.935484 0 0.000000 
0 5019320.000000 1.950147 0 0.000000 
0 5023204.000000 1.950147 0 0.000000 
0 5027080.000000 1.959922 0 0.000000 
0 5030964.000000 1.964809 0 0.000000 
0 5034832.000000 1.969697 0 0.000000 
0 5038712.000000 1.979472 0 0.000000 
0 5042592.000000 1.979472 0 0.000000 
0 5046472.000000 1.984360 0 0.000000 
0 5050344.000000 1.984360 0 0.000000 
0 5054232.000000 1.989247 0 0.000000 
0 5058104.000000 1.999022 0 0.000000 
0 5061980.000000 2.003910 0 0.000000 
0 5065836.000000 2.008798 0 0.000000 
0 5069700.000000 2.023460 0 0.000000 
0 5073572.000000 2.043011 0 0.000000 
0 5077444.000000 2.057673 0 0.000000 
0 5081316.000000 2.072336 0 0.000000 
0 5085180.000000 2.091887 0 0.000000 
0 5089052.000000 2.116324 0 0.000000 
0 5092940.000000 2.160313 0 0.000000 
0 5096820.000000 2.189638 0 0.000000 
0 5100708.000000 2.238514 0 0.000000 
0 5104588.000000 2.253177 0 0.000000 
0 5108476.000000 2.287390 0 0.000000 
0 5112356.000000 2.306940 0 0.000000 
0 5116236.000000 2.346041 0 0.000000 
0 5120100.000000 2.360704 0 0.000000 
0 5123956.000000 2.375367 0 0.000000 
0 5127836.000000 2.404692 0 0.000000 
0 5131708.000000 2.399805 0 0.000000 
0 5135580.000000 2.414467 0 0.000000 
0 5139468.000000 2.434018 0 0.000000 
0 5143332.000000 2.443793 0 0.000000 
0 5147212.000000 2.463343 0 0.000000 
0 5151092.000000 2.458456 0 0.000000 
0 5154980.000000 2.463343 0 0.000000 
0 5158860.000000 2.463343 0 0.000000 
0 5162748.000000 2.463343 0 0.000000 
0 5166636.000000 2.453568 0 0.000000 
0 5170516.000000 2.453568 0 0.000000 
0 5174404.000000 2.448680 0 0.000000 
0 5178260.000000 2.443793 0 0.000000 
0 5182132.000000 2.438905 0 0.000000 
0 5186012.000000 2.424242 0 0.000000 
0 5189892.000000 2.414467 0 0.000000 
0 5193776.000000 2.399805 0 0.000000 
0 5197644.000000 2.394917 0 0.000000 
0 5201524.000000 2.365591 0 0.000000 
0 5205412.000000 2.341153 0 0.000000 
0 5209292.000000 2.311828 0 0.000000 
0 5213156.000000 2.282502 0 0.000000 
0 5217036.000000 2.267840 0 0.000000 
0 5220916.000000 2.238514 0 0.000000 
0 5224796.000000 2.214076 0 0.000000 
0 5228668.000000 2.184751 0 0.000000 
0 5232540.000000 2.179863 0 0.000000 
0 5236420.000000 2.150538 0 0.000000 
0 5240292.000000 2.126100 0 0.000000 
0 5244164.000000 2.106549 0 0.000000 
0 5248040.000000 2.082111 0 0.000000 
0 5251916.000000 2.062561 0 0.000000 
0 5255788.000000 2.047898 0 0.000000 
0 5259660.000000 2.033236 0 0.000000 
0 5263532.000000 2.013685 0 0.000000 
0 5267408.000000 1.994135 0 0.000000 
0 5271280.000000 1.984360 0 0.000000 
0 5275156.000000 1.969697 0 0.000000 
0 5279040.000000 1.969697 0 0.000000 
0 5282912.000000 1.950147 0 0.000000 
0 5286784.000000 1.940372 0 0.000000 
0 5290664.000000 1.930596 0 0.000000 
0 5294544.000000 1.930596 0 0.000000 
0 5298420.000000 1.930596 0 0.000000 
0 5302292.000000 1.920821 0 0.000000 
0 5306152.000000 1.915934 0 0.000000 
0 5310036.000000 1.911046 0 0.000000 
0 5313916.000000 1.911046 0 0.000000 
0 5317808.000000 1.915934 0 0.000000 
0 5321688.000000 1.915934 0 0.000000 
0 5325576.000000 1.915934 0 0.000000 
0 5329464.000000 1.925709 0 0.000000 
0 5333336.000000 1.925709 0 0.000000 
0 5337200.000000 1.930596 0 0.000000 
0 5341072.000000 1.940372 0 0.000000 
0 5344960.000000 1.930596 0 0.000000 
0 5348840.000000 1.945259 0 0.000000 
0 5352716.000000 1.930596 0 0.000000 
0 5356592.000000 1.930596 0 0.000000 
0 5360464.000000 1.935484 0 0.000000 
0 5364344.000000 1.935484 0 0.000000 
0 5368228.000000 1.945259 0 0.000000 
0 5372104.000000 1.950147 0 0.000000 
0 5375976.000000 1.964809 0 0.000000 
0 5379856.000000 1.969697 0 0.000000 
0 5383736.000000 1.974585 0 0.000000 
0 5387616.000000 1.959922 0 0.000000 
0 5391496.000000 1.959922 0 0.000000 
0 5395368.000000 1.945259 0 0.000000 
0 5399244.000000 1.930596 0 0.000000 
0 5403116.000000 1.911046 0 0.000000 
0 5406996.000000 1.881720 0 0.000000 
0 5410872.000000 1.867058 0 0.000000 
0 5414744.000000 1.837732 0 0.000000 
0 5418632.000000 1.827957 0 0.000000 
0 5422508.000000 1.803519 0 0.000000 
0 5426380.000000 1.788856 0 0.000000 
0 5430252.000000 1.779081 0 0.000000 
0 5434124.000000 1.769306 0 0.000000 
0 5438000.000000 1.779081 0 0.000000 
0 5441868.000000 1.764418 0 0.000000 
0 5445756.000000 1.774194 0 0.000000 
0 5449636.000000 1.754643 0 0.000000 
0 5453516.000000 1.759531 0 0.000000 
0 5457396.000000 1.754643 0 0.000000 
0 5461268.000000 1.754643 0 0.000000 
0 5465136.000000 1.754643 0 0.000000 
0 5469008.000000 1.749756 0 0.000000 
0 5472884.000000 1.754643 0 0.000000 
0 5476764.000000 1.759531 0 0.000000 
0 5480644.000000 1.764418 0 0.000000 
0 5484524.000000 1.759531 0 0.000000 
0 5488408.000000 1.744868 0 0.000000 
0 5492272.000000 1.744868 0 0.000000 
0 5496132.000000 1.764418 0 0.000000 
0 5500016.000000 1.818182 0 0.000000 
0 5503896.000000 1.920821 0 0.000000 
0 5507764.000000 2.082111 0 0.000000 
0 5511644.000000 2.297165 0 0.000000 
0 5515532.000000 2.546432 0 0.000000 
0 5519408.000000 2.790811 0 0.000000 
0 5523264.000000 2.952102 0 0.000000 
0 5527128.000000 2.932551 0 0.000000 
0 5531012.000000 2.737048 0 0.000000 
0 5534892.000000 2.414467 0 0.000000 
0 5538772.000000 2.047898 0 0.000000 
0 5542656.000000 1.715543 0 0.000000 
0 5546536.000000 1.480938 0 0.000000 
0 5550416.000000 1.339198 0 0.000000 
0 5554276.000000 1.304985 0 0.000000 
0 5558140.000000 1.329423 0 0.000000 
0 5562020.000000 1.388074 0 0.000000 
0 5565900.000000 1.461388 0 0.000000 
0 5569796.000000 1.534702 0 0.000000 
0 5573680.000000 1.593353 0 0.000000 
0 5577548.000000 1.637341 0 0.000000 
0 5581440.000000 1.671554 0 0.000000 
0 5585320.000000 1.686217 0 0.000000 
0 5589200.000000 1.700880 0 0.000000 
0 5593064.000000 1.715543 0 0.000000 
0 5596952.000000 1.739980 0 0.000000 
0 5600832.000000 1.744868 0 0.000000 
0 5604696.000000 1.749756 0 0.000000 
0 5608572.000000 1.754643 0 0.000000 
0 5612444.000000 1.759531 0 0.000000 
0 5616316.000000 1.774194 0 0.000000 
0 5620196.000000 1.779081 0 0.000000 
0 5624076.000000 1.793744 0 0.000000 
0 5627956.000000 1.793744 0 0.000000 
0 5631836.000000 1.798631 0 0.000000 
0 5635728.000000 1.808407 0 0.000000 
0 5639596.000000 1.818182 0 0.000000 
0 5643488.000000 1.823069 0 0.000000 
0 5647344.000000 1.827957 0 0.000000 
0 5651220.000000 1.847507 0 0.000000 
0 5655096.000000 1.842620 0 0.000000 
0 5658968.000000 1.847507 0 0.000000 
0 5662844.000000 1.852395 0 0.000000 
0 5666728.000000 1.857283 0 0.000000 
0 5670616.000000 1.862170 0 0.000000 
0 5674488.000000 1.871945 0 0.000000 
0 5678356.000000 1.881720 0 0.000000 
0 5682236.000000 1.891496 0 0.000000 
0 5686104.000000 1.896383 0 0.000000 
0 5689984.000000 1.901271 0 0.000000 
0 5693852.000000 1.911046 0 0.000000 
0 5697736.000000 1.925709 0 0.000000 
0 5701608.000000 1.935484 0 0.000000 
0 5705496.000000 1.945259 0 0.000000 
0 5709376.000000 1.950147 0 0.000000 
0 5713252.000000 1.969697 0 0.000000 
0 5717128.000000 1.974585 0 0.000000 
0 5721000.000000 1.989247 0 0.000000 
0 5724880.000000 1.999022 0 0.000000 
0 5728756.000000 2.008798 0 0.000000 
0 5732628.000000 2.028348 0 0.000000 
0 5736496.000000 2.043011 0 0.000000 
0 5740348.000000 2.052786 0 0.000000 
0 5744228.000000 2.067449 0 0.000000 
0 5748092.000000 2.067449 0 0.000000 
0 5751972.000000 2.072336 0 0.000000 
0 5755844.000000 2.086999 0 0.000000 
0 5759716.000000 2.096774 0 0.000000 
0 5763588.000000 2.101662 0 0.000000 
0 5767468.000000 2.096774 0 0.000000 
0 5771324.000000 2.091887 0 0.000000 
0 5775180.000000 2.111437 0 0.000000 
0 5779068.000000 2.086999 0 0.000000 
0 5782940.000000 2.072336 0 0.000000 
0 5786820.000000 2.052786 0 0.000000 
0 5790692.000000 2.028348 0 0.000000 
0 5794564.000000 2.003910 0 0.000000 
0 5798424.000000 1.959922 0 0.000000 
0 5802304.000000 1.915934 0 0.000000 
0 5806184.000000 1.867058 0 0.000000 
0 5810052.000000 1.818182 0 0.000000 
0 5813940.000000 1.779081 0 0.000000 
0 5817816.000000 1.744868 0 0.000000 
0 5821680.000000 1.710655 0 0.000000 
0 5825556.000000 1.681329 0 0.000000 
0 5829436.000000 1.656891 0 0.000000 
0 5833316.000000 1.642229 0 0.000000 
0 5837188.000000 1.632454 0 0.000000 
0 5841068.000000 1.627566 0 0.000000 
0 5844948.000000 1.627566 0 0.000000 
0 5848836.000000 1.627566 0 0.000000 
0 5852724.000000 1.632454 0 0.000000 
0 5856612.000000 1.642229 0 0.000000 
0 5860500.000000 1.647116 0 0.000000 
0 5864388.000000 1.652004 0 0.000000 
0 5868260.000000 1.661779 0 0.000000 
0 5872132.000000 1.676442 0 0.000000 
0 5876012.000000 1.691105 0 0.000000 
0 5879888.000000 1.710655 0 0.000000 
0 5883756.000000 1.720430 0 0.000000 
0 5887640.000000 1.725318 0 0.000000 
0 5891536.000000 1.739980 0 0.000000 
0 5895416.000000 1.749756 0 0.000000 
0 5899284.000000 1.764418 0 0.000000 
0 5903156.000000 1.774194 0 0.000000 
0 5907044.000000 1.783969 0 0.000000 
0 5910924.000000 1.788856 0 0.000000 
0 5914804.000000 1.803519 0 0.000000 
0 5918668.000000 1.813294 0 0.000000 
0 5922560.000000 1.823069 0 0.000000 
0 5926432.000000 1.827957 0 0.000000 
0 5930304.000000 1.837732 0 0.000000 
0 5934176.000000 1.832845 0 0.000000 
0 5938056.000000 1.837732 0 0.000000 
0 5941944.000000 1.842620 0 0.000000 
0 5945816.000000 1.842620 0 0.000000 
0 5949688.000000 1.847507 0 0.000000 
0 5953564.000000 1.852395 0 0.000000 
0 5957444.000000 1.876833 0 0.000000 
0 5961328.000000 1.867058 0 0.000000 
0 5965192.000000 1.867058 0 0.000000 
0 5969072.000000 1.867058 0 0.000000 
0 5972936.000000 1.871945 0 0.000000 
0 5976812.000000 1.881720 0 0.000000 
0 5980692.000000 1.881720 0 0.000000 
0 5984576.000000 1.886608 0 0.000000 
0 5988436.000000 1.876833 0 0.000000 
0 5992308.000000 1.876833 0 0.000000 
0 5996184.000000 1.886608 0 0.000000 
0 6000052.000000 1.881720 0 0.000000 
0 6003932.000000 1.881720 0 0.000000 
0 6007804.000000 1.881720 0 0.000000 
0 6011688.000000 1.886608 0 0.000000 
0 6015560.000000 1.896383 0 0.000000 
0 6019436.000000 1.896383 0 0.000000 
0 6023312.000000 1.906158 0 0.000000 
0 6027176.000000 1.901271 0 0.000000 
0 6031044.000000 1.901271 0 0.000000 
0 6034920.000000 1.906158 0 0.000000 
0 6038796.000000 1.911046 0 0.000000 
0 6042672.000000 1.930596 0 0.000000 
0 6046540.000000 1.915934 0 0.000000 
0 6050428.000000 1.915934 0 0.000000 
0 6054312.000000 1.920821 0 0.000000 
0 6058180.000000 1.930596 0 0.000000 
0 6062056.000000 1.940372 0 0.000000 
0 6065936.000000 1.935484 0 0.000000 
0 6069824.000000 1.945259 0 0.000000 
0 6073704.000000 1.945259 0 0.000000 
0 6077584.000000 1.959922 0 0.000000 
0 6081464.000000 1.959922 0 0.000000 
0 6085336.000000 1.974585 0 0.000000 
0 6089208.000000 1.969697 0 0.000000 
0 6093088.000000 1.974585 0 0.000000 
0 6096968.000000 1.989247 0 0.000000 
0 6100840.000000 1.994135 0 0.000000 
0 6104720.000000 1.999022 0 0.000000 
0 6108600.000000 1.999022 0 0.000000 
0 6112476.000000 2.008798 0 0.000000 
0 6116332.000000 2.013685 0 0.000000 
0 6120204.000000 2.018573 0 0.000000 
0 6124076.000000 2.033236 0 0.000000 
0 6127956.000000 2.028348 0 0.000000 
0 6131820.000000 2.028348 0 0.000000 
0 6135684.000000 2.038123 0 0.000000 
0 6139564.000000 2.038123 0 0.000000 
0 6143444.000000 2.052786 0 0.000000 
0 6147316.000000 2.038123 0 0.000000 
0 6151188.000000 2.038123 0 0.000000 
0 6155052.000000 2.043011 0 0.000000 
0 6158924.000000 2.047898 0 0.000000 
0 6162796.000000 2.047898 0 0.000000 
0 6166668.000000 2.047898 0 0.000000 
0 6170532.000000 2.047898 0 0.000000 
0 6174404.000000 2.052786 0 0.000000 
0 6178276.000000 2.062561 0 0.000000 
0 6182140.000000 2.062561 0 0.000000 
0 6186016.000000 2.072336 0 0.000000 
0 6189892.000000 2.067449 0 0.000000 
0 6193764.000000 2.067449 0 0.000000 
0 6197636.000000 2.077224 0 0.000000 
0 6201516.000000 2.072336 0 0.000000 
0 6205388.000000 2.072336 0 0.000000 
0 6209268.000000 2.077224 0 0.000000 
0 6213140.000000 2.091887 0 0.000000 
0 6217012.000000 2.101662 0 0.000000 
0 6220884.000000 2.111437 0 0.000000 
0 6224764.000000 2.121212 0 0.000000 
0 6228644.000000 2.121212 0 0.000000 
0 6232524.000000 2.130987 0 0.000000 
0 6236396.000000 2.121212 0 0.000000 
0 6240276.000000 2.116324 0 0.000000 
0 6244148.000000 2.106549 0 0.000000 
0 6248028.000000 2.086999 0 0.000000 
0 6251900.000000 2.067449 0 0.000000 
0 6255780.000000 2.047898 0 0.000000 
0 6259652.000000 2.033236 0 0.000000 
0 6263532.000000 2.008798 0 0.000000 
0 6267408.000000 1.989247 0 0.000000 
0 6271280.000000 1.974585 0 0.000000 
0 6275152.000000 1.964809 0 0.000000 
0 6279020.000000 1.969697 0 0.000000 
0 6282904.000000 1.955034 0 0.000000 
0 6286784.000000 1.955034 0 0.000000 
0 6290664.000000 1.950147 0 0.000000 
0 6294548.000000 1.959922 0 0.000000 
0 6298424.000000 1.950147 0 0.000000 
0 6302304.000000 1.950147 0 0.000000 
0 6306184.000000 1.950147 0 0.000000 
0 6310064.000000 1.950147 0 0.000000 
0 6313944.000000 1.955034 0 0.000000 
0 6317824.000000 1.955034 0 0.000000 
0 6321704.000000 1.959922 0 0.000000 
0 6325584.000000 1.955034 0 0.000000 
0 6329456.000000 1.955034 0 0.000000 
0 6333320.000000 1.940372 0 0.000000 
0 6337200.000000 1.940372 0 0.000000 
0 6341080.000000 1.959922 0 0.000000 
0 6344956.000000 2.008798 0 0.000000 
0 6348828.000000 2.106549 0 0.000000 
0 6352700.000000 2.248289 0 0.000000 
0 6356588.000000 2.453568 0 0.000000 
0 6360468.000000 2.678397 0 0.000000 
0 6364344.000000 2.917889 0 0.000000 
0 6368212.000000 3.084066 0 0.000000 
0 6372076.000000 3.084066 0 0.000000 
0 6375944.000000 2.913001 0 0.000000 
0 6379812.000000 2.580645 0 0.000000 
0 6383676.000000 2.199414 0 0.000000 
0 6387560.000000 1.867058 0 0.000000 
0 6391436.000000 1.588465 0 0.000000 
0 6395308.000000 1.432063 0 0.000000 
0 6399184.000000 1.373412 0 0.000000 
0 6403068.000000 1.412512 0 0.000000 
0 6406952.000000 1.485826 0 0.000000 
0 6410828.000000 1.564027 0 0.000000 
0 6414700.000000 1.652004 0 0.000000 
0 6418576.000000 1.725318 0 0.000000 
0 6422452.000000 1.779081 0 0.000000 
0 6426320.000000 1.808407 0 0.000000 
0 6430184.000000 1.827957 0 0.000000 
0 6434064.000000 1.847507 0 0.000000 
0 6437940.000000 1.867058 0 0.000000 
0 6441804.000000 1.876833 0 0.000000 
0 6445684.000000 1.891496 0 0.000000 
0 6449560.000000 1.901271 0 0.000000 
0 6453428.000000 1.915934 0 0.000000 
0 6457312.000000 1.925709 0 0.000000 
0 6461184.000000 1.935484 0 0.000000 
0 6465072.000000 1.940372 0 0.000000 
0 6468960.000000 1.955034 0 0.000000 
0 6472832.000000 1.959922 0 0.000000 
0 6476704.000000 1.969697 0 0.000000 
0 6480584.000000 1.984360 0 0.000000 
0 6484472.000000 1.999022 0 0.000000 
0 6488340.000000 2.008798 0 0.000000 
0 6492200.000000 2.023460 0 0.000000 
0 6496068.000000 2.038123 0 0.000000 
0 6499948.000000 2.057673 0 0.000000 
0 6503828.000000 2.067449 0 0.000000 
0 6507700.000000 2.091887 0 0.000000 
0 6511564.000000 2.101662 0 0.000000 
0 6515444.000000 2.111437 0 0.000000 
0 6519324.000000 2.126100 0 0.000000 
0 6523196.000000 2.135875 0 0.000000 
0 6527076.000000 2.145650 0 0.000000 
0 6530956.000000 2.150538 0 0.000000 
0 6534836.000000 2.160313 0 0.000000 
0 6538716.000000 2.165200 0 0.000000 
0 6542588.000000 2.184751 0 0.000000 
0 6546468.000000 2.174976 0 0.000000 
0 6550340.000000 2.170088 0 0.000000 
0 6554204.000000 2.179863 0 0.000000 
0 6558084.000000 2.179863 0 0.000000 
0 6561964.000000 2.184751 0 0.000000 
0 6565836.000000 2.179863 0 0.000000 
0 6569724.000000 2.184751 0 0.000000 
0 6573596.000000 2.184751 0 0.000000 
0 6577476.000000 2.189638 0 0.000000 
0 6581340.000000 2.194526 0 0.000000 
0 6585212.000000 2.194526 0 0.000000 
0 6589092.000000 2.194526 0 0.000000 
0 6592980.000000 2.189638 0 0.000000 
0 6596860.000000 2.189638 0 0.000000 
0 6600748.000000 2.179863 0 0.000000 
0 6604628.000000 2.170088 0 0.000000 
0 6608492.000000 2.155425 0 0.000000 
0 6612372.000000 2.145650 0 0.000000 
0 6616252.000000 2.145650 0 0.000000 
0 6620116.000000 2.130987 0 0.000000 
0 6623988.000000 2.116324 0 0.000000 
0 6627876.000000 2.086999 0 0.000000 
0 6631748.000000 2.062561 0 0.000000 
0 6635612.000000 2.033236 0 0.000000 
0 6639488.000000 1.994135 0 0.000000 
0 6643360.000000 1.959922 0 0.000000 
0 6647232.000000 1.896383 0 0.000000 
0 6651112.000000 1.847507 0 0.000000 
0 6654988.000000 1.803519 0 0.000000 
0 6658860.000000 1.759531 0 0.000000 
0 6662736.000000 1.720430 0 0.000000 
0 6666604.000000 1.681329 0 0.000000 
0 6670492.000000 1.661779 0 0.000000 
0 6674356.000000 1.627566 0 0.000000 
0 6678244.000000 1.608016 0 0.000000 
0 6682108.000000 1.603128 0 0.000000 
0 6685980.000000 1.588465 0 0.000000 
0 6689852.000000 1.588465 0 0.000000 
0 6693724.000000 1.588465 0 0.000000 
0 6697604.000000 1.598240 0 0.000000 
0 6701480.000000 1.608016 0 0.000000 
0 6705352.000000 1.622678 0 0.000000 
0 6709220.000000 1.632454 0 0.000000 
0 6713108.000000 1.652004 0 0.000000 
0 6716984.000000 1.671554 0 0.000000 
0 6720872.000000 1.691105 0 0.000000 
0 6724740.000000 1.705767 0 0.000000 
0 6728620.000000 1.720430 0 0.000000 
0 6732496.000000 1.739980 0 0.000000 
0 6736364.000000 1.764418 0 0.000000 
0 6740244.000000 1.769306 0 0.000000 
0 6744112.000000 1.779081 0 0.000000 
0 6747980.000000 1.783969 0 0.000000 
0 6751860.000000 1.793744 0 0.000000 
0 6755748.000000 1.803519 0 0.000000 
0 6759628.000000 1.813294 0 0.000000 
0 6763508.000000 1.823069 0 0.000000 
0 6767372.000000 1.823069 0 0.000000 
0 6771236.000000 1.823069 0 0.000000 
0 6775108.000000 1.832845 0 0.000000 
0 6778988.000000 1.832845 0 0.000000 
0 6782864.000000 1.832845 0 0.000000 
0 6786744.000000 1.827957 0 0.000000 
0 6790620.000000 1.823069 0 0.000000 
0 6794496.000000 1.827957 0 0.000000 
0 6798364.000000 1.827957 0 0.000000 
0 6802228.000000 1.818182 0 0.000000 
0 6806116.000000 1.818182 0 0.000000 
0 6810008.000000 1.818182 0 0.000000 
0 6813884.000000 1.818182 0 0.000000 
0 6817768.000000 1.827957 0 0.000000 
0 6821636.000000 1.818182 0 0.000000 
0 6825528.000000 1.823069 0 0.000000 
0 6829388.000000 1.813294 0 0.000000 
0 6833276.000000 1.808407 0 0.000000 
0 6837132.000000 1.823069 0 0.000000 
0 6841004.000000 1.813294 0 0.000000 
0 6844892.000000 1.818182 0 0.000000 
0 6848780.000000 1.803519 0 0.000000 
0 6852652.000000 1.803519 0 0.000000 
0 6856520.000000 1.808407 0 0.000000 
0 6860376.000000 1.808407 0 0.000000 
0 6864240.000000 1.808407 0 0.000000 
0 6868100.000000 1.813294 0 0.000000 
0 6871980.000000 1.798631 0 0.000000 
0 6875860.000000 1.803519 0 0.000000 
0 6879740.000000 1.803519 0 0.000000 
0 6883612.000000 1.803519 0 0.000000 
0 6887488.000000 1.803519 0 0.000000 
0 6891340.000000 1.803519 0 0.000000 
0 6895212.000000 1.803519 0 0.000000 
0 6899088.000000 1.808407 0 0.000000 
0 6902956.000000 1.803519 0 0.000000 
0 6906820.000000 1.798631 0 0.000000 
0 6910700.000000 1.798631 0 0.000000 
0 6914592.000000 1.803519 0 0.000000 
0 6918460.000000 1.803519 0 0.000000 
0 6922320.000000 1.808407 0 0.000000 
0 6926176.000000 1.808407 0 0.000000 
0 6930044.000000 1.823069 0 0.000000 
0 6933920.000000 1.808407 0 0.000000 
0 6937788.000000 1.813294 0 0.000000 
0 6941668.000000 1.813294 0 0.000000 
0 6945556.000000 1.813294 0 0.000000 
0 6949444.000000 1.813294 0 0.000000 
0 6953328.000000 1.818182 0 0.000000 
0 6957204.000000 1.823069 0 0.000000 
0 6961080.000000 1.827957 0 0.000000 
0 6964960.000000 1.827957 0 0.000000 
0 6968828.000000 1.818182 0 0.000000 
0 6972720.000000 1.827957 0 0.000000 
0 6976588.000000 1.823069 0 0.000000 
0 6980452.000000 1.823069 0 0.000000 
0 6984320.000000 1.827957 0 0.000000 
0 6988192.000000 1.818182 0 0.000000 
0 6992076.000000 1.818182 0 0.000000 
0 6995960.000000 1.823069 0 0.000000 
0 6999828.000000 1.823069 0 0.000000 
0 7003700.000000 1.823069 0 0.000000 
0 7007572.000000 1.823069 0 0.000000 
0 7011444.000000 1.823069 0 0.000000 
0 7015300.000000 1.823069 0 0.000000 
0 7019168.000000 1.827957 0 0.000000 
0 7023048.000000 1.827957 0 0.000000 
0 7026928.000000 1.827957 0 0.000000 
0 7030804.000000 1.827957 0 0.000000 
0 7034680.000000 1.837732 0 0.000000 
0 7038568.000000 1.842620 0 0.000000 
0 7042448.000000 1.842620 0 0.000000 
0 7046320.000000 1.842620 0 0.000000 
0 7050176.000000 1.842620 0 0.000000 
0 7054044.000000 1.852395 0 0.000000 
0 7057936.000000 1.867058 0 0.000000 
0 7061804.000000 1.876833 0 0.000000 
0 7065676.000000 1.881720 0 0.000000 
0 7069552.000000 1.906158 0 0.000000 
0 7073432.000000 1.896383 0 0.000000 
0 7077300.000000 1.896383 0 0.000000 
0 7081176.000000 1.896383 0 0.000000 
0 7085044.000000 1.881720 0 0.000000 
0 7088924.000000 1.876833 0 0.000000 
0 7092804.000000 1.852395 0 0.000000 
0 7096684.000000 1.852395 0 0.000000 
0 7100580.000000 1.823069 0 0.000000 
0 7104444.000000 1.803519 0 0.000000 
0 7108316.000000 1.783969 0 0.000000 
0 7112180.000000 1.774194 0 0.000000 
0 7116068.000000 1.759531 0 0.000000 
0 7119940.000000 1.754643 0 0.000000 
0 7123820.000000 1.754643 0 0.000000 
0 7127704.000000 1.739980 0 0.000000 
0 7131580.000000 1.754643 0 0.000000 
0 7135464.000000 1.744868 0 0.000000 
0 7139320.000000 1.749756 0 0.000000 
0 7143192.000000 1.749756 0 0.000000 
0 7147072.000000 1.744868 0 0.000000 
0 7150936.000000 1.744868 0 0.000000 
0 7154796.000000 1.759531 0 0.000000 
0 7158668.000000 1.754643 0 0.000000 
0 7162548.000000 1.774194 0 0.000000 
0 7166436.000000 1.754643 0 0.000000 
0 7170308.000000 1.754643 0 0.000000 
0 7174180.000000 1.749756 0 0.000000 
0 7178056.000000 1.744868 0 0.000000 
0 7181924.000000 1.764418 0 0.000000 
0 7185812.000000 1.774194 0 0.000000 
0 7189704.000000 1.842620 0 0.000000 
0 7193568.000000 1.964809 0 0.000000 
0 7197444.000000 2.140763 0 0.000000 
0 7201316.000000 2.370479 0 0.000000 
0 7205180.000000 2.605083 0 0.000000 
0 7209044.000000 2.834800 0 0.000000 
0 7212928.000000 2.966764 0 0.000000 
0 7216796.000000 2.903226 0 0.000000 
0 7220676.000000 2.673509 0 0.000000 
0 7224556.000000 2.316715 0 0.000000 
0 7228436.000000 1.945259 0 0.000000 
0 7232304.000000 1.622678 0 0.000000 
0 7236184.000000 1.397849 0 0.000000 
0 7240060.000000 1.280547 0 0.000000 
0 7243940.000000 1.265885 0 0.000000 
0 7247812.000000 1.309873 0 0.000000 
0 7251692.000000 1.378299 0 0.000000 
0 7255576.000000 1.466276 0 0.000000 
0 7259460.000000 1.539589 0 0.000000 
0 7263316.000000 1.598240 0 0.000000 
0 7267172.000000 1.642229 0 0.000000 
0 7271052.000000 1.661779 0 0.000000 
0 7274936.000000 1.691105 0 0.000000 
0 7278816.000000 1.700880 0 0.000000 
0 7282680.000000 1.710655 0 0.000000 
0 7286560.000000 1.725318 0 0.000000 
0 7290448.000000 1.730205 0 0.000000 
0 7294312.000000 1.744868 0 0.000000 
0 7298172.000000 1.754643 0 0.000000 
0 7302044.000000 1.764418 0 0.000000 
0 7305932.000000 1.769306 0 0.000000 
0 7309812.000000 1.769306 0 0.000000 
0 7313692.000000 1.779081 0 0.000000 
0 7317564.000000 1.788856 0 0.000000 
0 7321436.000000 1.798631 0 0.000000 
0 7325316.000000 1.798631 0 0.000000 
0 7329196.000000 1.803519 0 0.000000 
0 7333076.000000 1.813294 0 0.000000 
0 7336956.000000 1.823069 0 0.000000 
0 7340832.000000 1.827957 0 0.000000 
0 7344712.000000 1.827957 0 0.000000 
0 7348588.000000 1.832845 0 0.000000 
0 7352480.000000 1.837732 0 0.000000 
0 7356352.000000 1.847507 0 0.000000 
0 7360220.000000 1.852395 0 0.000000 
0 7364112.000000 1.862170 0 0.000000 
0 7367992.000000 1.867058 0 0.000000 
0 7371856.000000 1.871945 0 0.000000 
0 7375732.000000 1.881720 0 0.000000 
0 7379612.000000 1.891496 0 0.000000 
0 7383488.000000 1.901271 0 0.000000 
0 7387352.000000 1.906158 0 0.000000 
0 7391220.000000 1.911046 0 0.000000 
0 7395104.000000 1.930596 0 0.000000 
0 7398984.000000 1.940372 0 0.000000 
0 7402872.000000 1.955034 0 0.000000 
0 7406760.000000 1.969697 0 0.000000 
0 7410632.000000 1.974585 0 0.000000 
0 7414512.000000 1.989247 0 0.000000 
0 7418380.000000 2.003910 0 0.000000 
0 7422236.000000 2.018573 0 0.000000 
0 7426108.000000 2.023460 0 0.000000 
0 7429972.000000 2.033236 0 0.000000 
0 7433852.000000 2.043011 0 0.000000 
0 7437724.000000 2.057673 0 0.000000 
0 7441604.000000 2.067449 0 0.000000 
0 7445468.000000 2.067449 0 0.000000 
0 7449332.000000 2.086999 0 0.000000 
0 7453204.000000 2.077224 0 0.000000 
0 7457084.000000 2.086999 0 0.000000 
0 7460956.000000 2.091887 0 0.000000 
0 7464820.000000 2.086999 0 0.000000 
0 7468692.000000 2.077224 0 0.000000 
0 7472572.000000 2.062561 0 0.000000 
0 7476444.000000 2.047898 0 0.000000 
0 7480308.000000 2.028348 0 0.000000 
0 7484176.000000 1.984360 0 0.000000 
0 7488060.000000 1.940372 0 0.000000 
0 7491940.000000 1.901271 0 0.000000 
0 7495816.000000 1.857283 0 0.000000 
0 7499692.000000 1.818182 0 0.000000 
0 7503580.000000 1.774194 0 0.000000 
0 7507468.000000 1.735093 0 0.000000 
0 7511340.000000 1.705767 0 0.000000 
0 7515212.000000 1.681329 0 0.000000 
0 7519100.000000 1.666667 0 0.000000 
0 7522972.000000 1.656891 0 0.000000 
0 7526860.000000 1.637341 0 0.000000 
0 7530748.000000 1.627566 0 0.000000 
0 7534636.000000 1.627566 0 0.000000 
0 7538516.000000 1.632454 0 0.000000 
0 7542396.000000 1.637341 0 0.000000 
0 7546284.000000 1.647116 0 0.000000 
0 7550164.000000 1.652004 0 0.000000 
0 7554032.000000 1.671554 0 0.000000 
0 7557916.000000 1.681329 0 0.000000 
0 7561808.000000 1.700880 0 0.000000 
0 7565688.000000 1.710655 0 0.000000 
0 7569572.000000 1.720430 0 0.000000 
0 7573444.000000 1.735093 0 0.000000 
0 7577316.000000 1.759531 0 0.000000 
0 7581188.000000 1.769306 0 0.000000 
0 7585072.000000 1.779081 0 0.000000 
0 7588944.000000 1.788856 0 0.000000 
0 7592812.000000 1.798631 0 0.000000 
0 7596692.000000 1.818182 0 0.000000 
0 7600580.000000 1.823069 0 0.000000 
0 7604456.000000 1.837732 0 0.000000 
0 7608332.000000 1.832845 0 0.000000 
0 7612200.000000 1.842620 0 0.000000 
0 7616080.000000 1.857283 0 0.000000 
0 7619968.000000 1.862170 0 0.000000 
0 7623856.000000 1.867058 0 0.000000 
0 7627720.000000 1.867058 0 0.000000 
0 7631600.000000 1.871945 0 0.000000 
0 7635484.000000 1.876833 0 0.000000 
0 7639360.000000 1.886608 0 0.000000 
0 7643212.000000 1.881720 0 0.000000 
0 7647084.000000 1.881720 0 0.000000 
0 7650964.000000 1.881720 0 0.000000 
0 7654848.000000 1.886608 0 0.000000 
0 7658720.000000 1.901271 0 0.000000 
0 7662588.000000 1.891496 0 0.000000 
0 7666468.000000 1.891496 0 0.000000 
0 7670344.000000 1.896383 0 0.000000 
0 7674220.000000 1.896383 0 0.000000 
0 7678104.000000 1.906158 0 0.000000 
0 7681984.000000 1.901271 0 0.000000 
0 7685856.000000 1.915934 0 0.000000 
0 7689740.000000 1.896383 0 0.000000 
0 7693624.000000 1.915934 0 0.000000 
0 7697504.000000 1.906158 0 0.000000 
0 7701368.000000 1.906158 0 0.000000 
0 7705240.000000 1.906158 0 0.000000 
0 7709116.000000 1.901271 0 0.000000 
0 7712988.000000 1.915934 0 0.000000 
0 7716876.000000 1.906158 0 0.000000 
0 7720748.000000 1.911046 0 0.000000 
0 7724632.000000 1.901271 0 0.000000 
0 7728500.000000 1.901271 0 0.000000 
0 7732364.000000 1.911046 0 0.000000 
0 7736228.000000 1.911046 0 0.000000 
0 7740108.000000 1.915934 0 0.000000 
0 7744000.000000 1.915934 0 0.000000 
0 7747888.000000 1.915934 0 0.000000 
0 7751764.000000 1.911046 0 0.000000 
0 7755640.000000 1.915934 0 0.000000 
0 7759528.000000 1.915934 0 0.000000 
0 7763404.000000 1.915934 0 0.000000 
0 7767292.000000 1.911046 0 0.000000 
0 7771164.000000 1.911046 0 0.000000 
0 7775040.000000 1.915934 0 0.000000 
0 7778928.000000 1.915934 0 0.000000 
0 7782816.000000 1.920821 0 0.000000 
0 7786692.000000 1.911046 0 0.000000 
0 7790576.000000 1.915934 0 0.000000 
0 7794460.000000 1.911046 0 0.000000 
0 7798332.000000 1.915934 0 0.000000 
0 7802216.000000 1.915934 0 0.000000 
0 7806112.000000 1.915934 0 0.000000 
0 7809996.000000 1.911046 0 0.000000 
0 7813880.000000 1.915934 0 0.000000 
0 7817768.000000 1.920821 0 0.000000 
0 7821640.000000 1.920821 0 0.000000 
0 7825512.000000 1.920821 0 0.000000 
0 7829376.000000 1.920821 0 0.000000 
0 7833248.000000 1.920821 0 0.000000 
0 7837128.000000 1.925709 0 0.000000 
0 7841008.000000 1.925709 0 0.000000 
0 7844884.000000 1.925709 0 0.000000 
0 7848756.000000 1.930596 0 0.000000 
0 7852640.000000 1.925709 0 0.000000 
0 7856520.000000 1.930596 0 0.000000 
0 7860400.000000 1.935484 0 0.000000 
0 7864280.000000 1.935484 0 0.000000 
0 7868160.000000 1.935484 0 0.000000 
0 7872048.000000 1.950147 0 0.000000 
0 7875928.000000 1.945259 0 0.000000 
0 7879800.000000 1.950147 0 0.000000 
0 7883672.000000 1.955034 0 0.000000 
0 7887552.000000 1.955034 0 0.000000 
0 7891432.000000 1.964809 0 0.000000 
0 7895308.000000 1.969697 0 0.000000 
0 7899180.000000 1.989247 0 0.000000 
0 7903056.000000 1.999022 0 0.000000 
0 7906932.000000 2.008798 0 0.000000 
0 7910804.000000 2.018573 0 0.000000 
0 7914676.000000 2.018573 0 0.000000 
0 7918548.000000 2.028348 0 0.000000 
0 7922412.000000 2.013685 0 0.000000 
0 7926292.000000 2.003910 0 0.000000 
0 7930152.000000 1.989247 0 0.000000 
0 7934024.000000 1.974585 0 0.000000 
0 7937896.000000 1.959922 0 0.000000 
0 7941784.000000 1.940372 0 0.000000 
0 7945664.000000 1.920821 0 0.000000 
0 7949536.000000 1.906158 0 0.000000 
0 7953396.000000 1.891496 0 0.000000 
0 7957276.000000 1.881720 0 0.000000 
0 7961148.000000 1.876833 0 0.000000 
0 7965032.000000 1.867058 0 0.000000 
0 7968904.000000 1.867058 0 0.000000 
0 7972776.000000 1.862170 0 0.000000 
0 7976656.000000 1.871945 0 0.000000 
0 7980544.000000 1.871945 0 0.000000 
0 7984420.000000 1.881720 0 0.000000 
0 7988304.000000 1.867058 0 0.000000 
0 7992160.000000 1.867058 0 0.000000 
0 7996032.000000 1.886608 0 0.000000 
0 7999900.000000 1.876833 0 0.000000 
0 8003784.000000 1.886608 0 0.000000 
0 8007644.000000 1.876833 0 0.000000 
0 8011528.000000 1.871945 0 0.000000 
0 8015400.000000 1.871945 0 0.000000 
0 8019280.000000 1.867058 0 0.000000 
0 8023136.000000 1.867058 0 0.000000 
0 8027000.000000 1.901271 0 0.000000 
0 8030872.000000 1.959922 0 0.000000 
0 8034756.000000 2.086999 0 0.000000 
0 8038628.000000 2.262952 0 0.000000 
0 8042508.000000 2.487781 0 0.000000 
0 8046372.000000 2.732160 0 0.000000 
0 8050256.000000 2.952102 0 0.000000 
0 8054124.000000 3.069404 0 0.000000 
0 8058000.000000 2.976540 0 0.000000 
0 8061876.000000 2.722385 0 0.000000 
0 8065756.000000 2.360704 0 0.000000 
0 8069632.000000 1.994135 0 0.000000 
0 8073508.000000 1.691105 0 0.000000 
0 8077376.000000 1.471163 0 0.000000 
0 8081256.000000 1.368524 0 0.000000 
0 8085144.000000 1.358749 0 0.000000 
0 8089028.000000 1.412512 0 0.000000 
0 8092912.000000 1.480938 0 0.000000 
0 8096788.000000 1.564027 0 0.000000 
0 8100652.000000 1.642229 0 0.000000 
0 8104540.000000 1.691105 0 0.000000 
0 8108408.000000 1.730205 0 0.000000 
0 8112288.000000 1.749756 0 0.000000 
0 8116148.000000 1.774194 0 0.000000 
0 8120036.000000 1.788856 0 0.000000 
0 8123916.000000 1.798631 0 0.000000 
0 8127796.000000 1.803519 0 0.000000 
0 8131668.000000 1.813294 0 0.000000 
0 8135552.000000 1.823069 0 0.000000 
0 8139412.000000 1.832845 0 0.000000 
0 8143300.000000 1.837732 0 0.000000 
0 8147184.000000 1.837732 0 0.000000 
0 8151068.000000 1.852395 0 0.000000 
0 8154952.000000 1.847507 0 0.000000 
0 8158832.000000 1.867058 0 0.000000 
0 8162712.000000 1.862170 0 0.000000 
0 8166592.000000 1.857283 0 0.000000 
0 8170472.000000 1.862170 0 0.000000 
0 8174344.000000 1.867058 0 0.000000 
0 8178204.000000 1.876833 0 0.000000 
0 8182092.000000 1.876833 0 0.000000 
0 8185980.000000 1.876833 0 0.000000 
0 8189860.000000 1.881720 0 0.000000 
0 8193744.000000 1.896383 0 0.000000 
0 8197624.000000 1.901271 0 0.000000 
0 8201496.000000 1.915934 0 0.000000 
0 8205364.000000 1.911046 0 0.000000 
0 8209228.000000 1.911046 0 0.000000 
0 8213112.000000 1.925709 0 0.000000 
0 8216992.000000 1.930596 0 0.000000 
0 8220872.000000 1.945259 0 0.000000 
0 8224740.000000 1.940372 0 0.000000 
0 8228624.000000 1.945259 0 0.000000 
0 8232504.000000 1.950147 0 0.000000 
0 8236376.000000 1.955034 0 0.000000 
0 8240240.000000 1.974585 0 0.000000 
0 8244112.000000 1.979472 0 0.000000 
0 8247988.000000 2.008798 0 0.000000 
0 8251852.000000 2.003910 0 0.000000 
0 8255708.000000 2.018573 0 0.000000 
0 8259572.000000 2.033236 0 0.000000 
0 8263444.000000 2.052786 0 0.000000 
0 8267324.000000 2.047898 0 0.000000 
0 8271188.000000 2.057673 0 0.000000 
0 8275060.000000 2.072336 0 0.000000 
0 8278932.000000 2.082111 0 0.000000 
0 8282812.000000 2.091887 0 0.000000 
0 8286684.000000 2.082111 0 0.000000 
0 8290564.000000 2.082111 0 0.000000 
0 8294444.000000 2.086999 0 0.000000 
0 8298308.000000 2.086999 0 0.000000 
0 8302172.000000 2.086999 0 0.000000 
0 8306044.000000 2.067449 0 0.000000 
0 8309924.000000 2.057673 0 0.000000 
0 8313796.000000 2.047898 0 0.000000 
0 8317676.000000 2.023460 0 0.000000 
0 8321548.000000 2.003910 0 0.000000 
0 8325400.000000 1.955034 0 0.000000 
0 8329264.000000 1.911046 0 0.000000 
0 8333144.000000 1.867058 0 0.000000 
0 8337012.000000 1.823069 0 0.000000 
0 8340884.000000 1.774194 0 0.000000 
0 8344776.000000 1.730205 0 0.000000 
0 8348648.000000 1.686217 0 0.000000 
0 8352524.000000 1.656891 0 0.000000 
0 8356404.000000 1.627566 0 0.000000 
0 8360276.000000 1.603128 0 0.000000 
0 8364156.000000 1.583578 0 0.000000 
0 8368036.000000 1.568915 0 0.000000 
0 8371916.000000 1.564027 0 0.000000 
0 8375788.000000 1.559140 0 0.000000 
0 8379668.000000 1.564027 0 0.000000 
0 8383540.000000 1.564027 0 0.000000 
0 8387396.000000 1.564027 0 0.000000 
0 8391260.000000 1.578690 0 0.000000 
0 8395140.000000 1.578690 0 0.000000 
0 8399024.000000 1.593353 0 0.000000 
0 8402884.000000 1.603128 0 0.000000 
0 8406760.000000 1.608016 0 0.000000 
0 8410628.000000 1.632454 0 0.000000 
0 8414508.000000 1.637341 0 0.000000 
0 8418380.000000 1.647116 0 0.000000 
0 8422260.000000 1.656891 0 0.000000 
0 8426148.000000 1.661779 0 0.000000 
0 8430032.000000 1.671554 0 0.000000 
0 8433920.000000 1.681329 0 0.000000 
0 8437804.000000 1.695992 0 0.000000 
0 8441680.000000 1.705767 0 0.000000 
0 8445560.000000 1.710655 0 0.000000 
0 8449432.000000 1.710655 0 0.000000 
0 8453308.000000 1.720430 0 0.000000 
0 8457176.000000 1.725318 0 0.000000 
0 8461060.000000 1.735093 0 0.000000 
0 8464944.000000 1.730205 0 0.000000 
0 8468824.000000 1.730205 0 0.000000 
0 8472692.000000 1.735093 0 0.000000 
0 8476564.000000 1.735093 0 0.000000 
0 8480448.000000 1.739980 0 0.000000 
0 8484324.000000 1.735093 0 0.000000 
0 8488196.000000 1.735093 0 0.000000 
0 8492076.000000 1.735093 0 0.000000 
0 8495952.000000 1.744868 0 0.000000 
0 8499816.000000 1.739980 0 0.000000 
0 8503692.000000 1.735093 0 0.000000 
0 8507576.000000 1.730205 0 0.000000 
0 8511448.000000 1.730205 0 0.000000 
0 8515316.000000 1.735093 0 0.000000 
0 8519188.000000 1.735093 0 0.000000 
0 8523072.000000 1.739980 0 0.000000 
0 8526944.000000 1.739980 0 0.000000 
0 8530816.000000 1.735093 0 0.000000 
0 8534696.000000 1.744868 0 0.000000 
0 8538568.000000 1.744868 0 0.000000 
0 8542432.000000 1.744868 0 0.000000 
0 8546292.000000 1.739980 0 0.000000 
0 8550168.000000 1.739980 0 0.000000 
0 8554048.000000 1.744868 0 0.000000 
0 8557920.000000 1.749756 0 0.000000 
0 8561800.000000 1.749756 0 0.000000 
0 8565668.000000 1.759531 0 0.000000 
0 8569552.000000 1.744868 0 0.000000 
0 8573408.000000 1.749756 0 0.000000 
0 8577276.000000 1.754643 0 0.000000 
0 8581156.000000 1.754643 0 0.000000 
0 8585032.000000 1.749756 0 0.000000 
0 8588912.000000 1.749756 0 0.000000 
0 8592792.000000 1.749756 0 0.000000 
0 8596668.000000 1.754643 0 0.000000 
0 8600540.000000 1.759531 0 0.000000 
0 8604412.000000 1.759531 0 0.000000 
0 8608292.000000 1.759531 0 0.000000 
0 8612156.000000 1.754643 0 0.000000 
0 8616028.000000 1.759531 0 0.000000 
0 8619900.000000 1.759531 0 0.000000 
0 8623780.000000 1.769306 0 0.000000 
0 8627660.000000 1.759531 0 0.000000 
0 8631540.000000 1.769306 0 0.000000 
0 8635412.000000 1.764418 0 0.000000 
0 8639292.000000 1.764418 0 0.000000 
0 8643172.000000 1.764418 0 0.000000 
0 8647060.000000 1.759531 0 0.000000 
0 8650940.000000 1.754643 0 0.000000 
0 8654812.000000 1.754643 0 0.000000 
0 8658692.000000 1.759531 0 0.000000 
0 8662572.000000 1.759531 0 0.000000 
0 8666452.000000 1.759531 0 0.000000 
0 8670324.000000 1.754643 0 0.000000 
0 8674188.000000 1.759531 0 0.000000 
0 8678068.000000 1.764418 0 0.000000 
0 8681956.000000 1.759531 0 0.000000 
0 8685836.000000 1.759531 0 0.000000 
0 8689712.000000 1.754643 0 0.000000 
0 8693588.000000 1.759531 0 0.000000 
0 8697468.000000 1.769306 0 0.000000 
0 8701340.000000 1.788856 0 0.000000 
0 8705212.000000 1.779081 0 0.000000 
0 8709076.000000 1.779081 0 0.000000 
0 8712948.000000 1.793744 0 0.000000 
0 8716836.000000 1.793744 0 0.000000 
0 8720716.000000 1.803519 0 0.000000 
0 8724580.000000 1.803519 0 0.000000 
0 8728444.000000 1.803519 0 0.000000 
0 8732324.000000 1.813294 0 0.000000 
0 8736204.000000 1.823069 0 0.000000 
0 8740076.000000 1.852395 0 0.000000 
0 8743964.000000 1.847507 0 0.000000 
0 8747836.000000 1.852395 0 0.000000 
0 8751724.000000 1.852395 0 0.000000 
0 8755616.000000 1.862170 0 0.000000 
0 8759492.000000 1.852395 0 0.000000 
0 8763368.000000 1.842620 0 0.000000 
0 8767240.000000 1.827957 0 0.000000 
0 8771120.000000 1.808407 0 0.000000 
0 8774988.000000 1.793744 0 0.000000 
0 8778876.000000 1.779081 0 0.000000 
0 8782748.000000 1.779081 0 0.000000 
0 8786624.000000 1.749756 0 0.000000 
0 8790504.000000 1.730205 0 0.000000 
0 8794368.000000 1.725318 0 0.000000 
0 8798244.000000 1.720430 0 0.000000 
0 8802120.000000 1.720430 0 0.000000 
0 8806000.000000 1.715543 0 0.000000 
0 8809888.000000 1.725318 0 0.000000 
0 8813776.000000 1.710655 0 0.000000 
0 8817648.000000 1.715543 0 0.000000 
0 8821524.000000 1.720430 0 0.000000 
0 8825400.000000 1.715543 0 0.000000 
0 8829276.000000 1.720430 0 0.000000 
0 8833152.000000 1.715543 0 0.000000 
0 8837032.000000 1.730205 0 0.000000 
0 8840904.000000 1.730205 0 0.000000 
0 8844776.000000 1.725318 0 0.000000 
0 8848664.000000 1.725318 0 0.000000 
0 8852540.000000 1.720430 0 0.000000 
0 8856404.000000 1.720430 0 0.000000 
0 8860280.000000 1.715543 0 0.000000 
0 8864160.000000 1.749756 0 0.000000 
0 8868040.000000 1.803519 0 0.000000 
0 8871908.000000 1.915934 0 0.000000 
0 8875796.000000 2.086999 0 0.000000 
0 8879668.000000 2.302053 0 0.000000 
0 8883540.000000 2.541544 0 0.000000 
0 8887420.000000 2.771261 0 0.000000 
0 8891284.000000 2.922776 0 0.000000 
0 8895172.000000 2.864125 0 0.000000 
0 8899052.000000 2.658847 0 0.000000 
0 8902940.000000 2.297165 0 0.000000 
0 8906824.000000 1.940372 0 0.000000 
0 8910700.000000 1.598240 0 0.000000 
0 8914576.000000 1.373412 0 0.000000 
0 8918460.000000 1.251222 0 0.000000 
0 8922340.000000 1.221896 0 0.000000 
0 8926204.000000 1.270772 0 0.000000 
0 8930092.000000 1.324536 0 0.000000 
0 8933980.000000 1.407625 0 0.000000 
0 8937864.000000 1.480938 0 0.000000 
0 8941740.000000 1.544477 0 0.000000 
0 8945612.000000 1.583578 0 0.000000 
0 8949500.000000 1.612903 0 0.000000 
0 8953380.000000 1.637341 0 0.000000 
0 8957260.000000 1.661779 0 0.000000 
0 8961148.000000 1.666667 0 0.000000 
0 8965024.000000 1.671554 0 0.000000 
0 8968912.000000 1.681329 0 0.000000 
0 8972796.000000 1.695992 0 0.000000 
0 8976688.000000 1.700880 0 0.000000 
0 8980552.000000 1.710655 0 0.000000 
0 8984416.000000 1.715543 0 0.000000 
0 8988300.000000 1.715543 0 0.000000 
0 8992184.000000 1.725318 0 0.000000 
0 8996068.000000 1.735093 0 0.000000 
0 8999948.000000 1.739980 0 0.000000 
0 9003824.000000 1.739980 0 0.000000 
0 9007704.000000 1.744868 0 0.000000 
0 9011568.000000 1.744868 0 0.000000 
0 9015420.000000 1.754643 0 0.000000 
0 9019284.000000 1.774194 0 0.000000 
0 9023172.000000 1.774194 0 0.000000 
0 9027060.000000 1.788856 0 0.000000 
0 9030940.000000 1.783969 0 0.000000 
0 9034812.000000 1.788856 0 0.000000 
0 9038692.000000 1.798631 0 0.000000 
0 9042576.000000 1.803519 0 0.000000 
0 9046444.000000 1.813294 0 0.000000 
0 9050332.000000 1.813294 0 0.000000 
0 9054212.000000 1.827957 0 0.000000 
0 9058088.000000 1.827957 0 0.000000 
0 9061968.000000 1.837732 0 0.000000 
0 9065856.000000 1.837732 0 0.000000 
0 9069744.000000 1.842620 0 0.000000 
0 9073608.000000 1.852395 0 0.000000 
0 9077496.000000 1.867058 0 0.000000 
0 9081364.000000 1.876833 0 0.000000 
0 9085236.000000 1.881720 0 0.000000 
0 9089112.000000 1.896383 0 0.000000 
0 9092984.000000 1.906158 0 0.000000 
0 9096864.000000 1.925709 0 0.000000 
0 9100744.000000 1.930596 0 0.000000 
0 9104624.000000 1.940372 0 0.000000 
0 9108508.000000 1.945259 0 0.000000 
0 9112376.000000 1.955034 0 0.000000 
0 9116248.000000 1.969697 0 0.000000 
0 9120128.000000 1.974585 0 0.000000 
0 9124008.000000 1.984360 0 0.000000 
0 9127888.000000 1.979472 0 0.000000 
0 9131768.000000 1.979472 0 0.000000 
0 9135648.000000 1.979472 0 0.000000 
0 9139528.000000 1.989247 0 0.000000 
0 9143392.000000 1.979472 0 0.000000 
0 9147264.000000 1.964809 0 0.000000 
0 9151144.000000 1.955034 0 0.000000 
0 9155024.000000 1.930596 0 0.000000 
0 9158904.000000 1.920821 0 0.000000 
0 9162780.000000 1.876833 0 0.000000 
0 9166652.000000 1.832845 0 0.000000 
0 9170532.000000 1.783969 0 0.000000 
0 9174408.000000 1.739980 0 0.000000 
0 9178280.000000 1.700880 0 0.000000 
0 9182140.000000 1.656891 0 0.000000 
0 9186028.000000 1.612903 0 0.000000 
0 9189916.000000 1.578690 0 0.000000 
0 9193796.000000 1.554252 0 0.000000 
0 9197676.000000 1.534702 0 0.000000 
0 9201548.000000 1.520039 0 0.000000 
0 9205412.000000 1.505376 0 0.000000 
0 9209288.000000 1.495601 0 0.000000 
0 9213164.000000 1.500489 0 0.000000 
0 9217036.000000 1.495601 0 0.000000 
0 9220908.000000 1.505376 0 0.000000 
0 9224788.000000 1.505376 0 0.000000 
0 9228668.000000 1.505376 0 0.000000 
0 9232556.000000 1.510264 0 0.000000 
0 9236420.000000 1.524927 0 0.000000 
0 9240308.000000 1.544477 0 0.000000 
0 9244180.000000 1.544477 0 0.000000 
0 9248060.000000 1.554252 0 0.000000 
0 9251940.000000 1.564027 0 0.000000 
0 9255812.000000 1.578690 0 0.000000 
0 9259696.000000 1.593353 0 0.000000 
0 9263572.000000 1.598240 0 0.000000 
0 9267440.000000 1.608016 0 0.000000 
0 9271316.000000 1.617791 0 0.000000 
0 9275184.000000 1.622678 0 0.000000 
0 9279068.000000 1.637341 0 0.000000 
0 9282956.000000 1.642229 0 0.000000 
0 9286844.000000 1.642229 0 0.000000 
0 9290716.000000 1.647116 0 0.000000 
0 9294604.000000 1.656891 0 0.000000 
0 9298492.000000 1.666667 0 0.000000 
0 9302364.000000 1.676442 0 0.000000 
0 9306240.000000 1.671554 0 0.000000 
0 9310116.000000 1.691105 0 0.000000 
0 9313988.000000 1.676442 0 0.000000 
0 9317876.000000 1.681329 0 0.000000 
0 9321768.000000 1.686217 0 0.000000 
0 9325648.000000 1.710655 0 0.000000 
0 9329516.000000 1.691105 0 0.000000 
0 9333380.000000 1.695992 0 0.000000 
0 9337264.000000 1.700880 0 0.000000 
0 9341132.000000 1.705767 0 0.000000 
0 9345008.000000 1.700880 0 0.000000 
0 9348880.000000 1.700880 0 0.000000 
0 9352752.000000 1.700880 0 0.000000 
0 9356628.000000 1.705767 0 0.000000 
0 9360520.000000 1.710655 0 0.000000 
0 9364384.000000 1.710655 0 0.000000 
0 9368252.000000 1.705767 0 0.000000 
0 9372144.000000 1.710655 0 0.000000 
0 9376024.000000 1.710655 0 0.000000 
0 9379896.000000 1.710655 0 0.000000 
0 9383764.000000 1.705767 0 0.000000 
0 9387652.000000 1.705767 0 0.000000 
0 9391540.000000 1.705767 0 0.000000 
0 9395416.000000 1.710655 0 0.000000 
0 9399284.000000 1.720430 0 0.000000 
0 9403168.000000 1.715543 0 0.000000 
0 9407052.000000 1.720430 0 0.000000 
0 9410936.000000 1.710655 0 0.000000 
0 9414824.000000 1.715543 0 0.000000 
0 9418704.000000 1.715543 0 0.000000 
0 9422592.000000 1.720430 0 0.000000 
0 9426472.000000 1.715543 0 0.000000 
0 9430356.000000 1.715543 0 0.000000 
0 9434240.000000 1.715543 0 0.000000 
0 9438116.000000 1.720430 0 0.000000 
0 9442000.000000 1.715543 0 0.000000 
0 9445880.000000 1.720430 0 0.000000 
0 9449760.000000 1.710655 0 0.000000 
0 9453632.000000 1.710655 0 0.000000 
0 9457500.000000 1.720430 0 0.000000 
0 9461372.000000 1.720430 0 0.000000 
0 9465248.000000 1.720430 0 0.000000 
0 9469124.000000 1.720430 0 0.000000 
0 9473000.000000 1.715543 0 0.000000 
0 9476884.000000 1.720430 0 0.000000 
0 9480764.000000 1.720430 0 0.000000 
0 9484644.000000 1.720430 0 0.000000 
0 9488520.000000 1.715543 0 0.000000 
0 9492388.000000 1.720430 0 0.000000 
0 9496264.000000 1.725318 0 0.000000 
0 9500148.000000 1.735093 0 0.000000 
0 9504032.000000 1.715543 0 0.000000 
0 9507912.000000 1.725318 0 0.000000 
0 9511788.000000 1.720430 0 0.000000 
0 9515668.000000 1.720430 0 0.000000 
0 9519552.000000 1.725318 0 0.000000 
0 9523436.000000 1.720430 0 0.000000 
0 9527316.000000 1.720430 0 0.000000 
0 9531180.000000 1.720430 0 0.000000 
0 9535064.000000 1.725318 0 0.000000 
0 9538952.000000 1.725318 0 0.000000 
0 9542840.000000 1.725318 0 0.000000 
0 9546720.000000 1.725318 0 0.000000 
0 9550608.000000 1.725318 0 0.000000 
0 9554496.000000 1.730205 0 0.000000 
0 9558368.000000 1.739980 0 0.000000 
0 9562240.000000 1.739980 0 0.000000 
0 9566108.000000 1.754643 0 0.000000 
0 9569988.000000 1.759531 0 0.000000 
0 9573868.000000 1.769306 0 0.000000 
0 9577748.000000 1.783969 0 0.000000 
0 9581620.000000 1.793744 0 0.000000 
0 9585500.000000 1.793744 0 0.000000 
0 9589380.000000 1.783969 0 0.000000 
0 9593252.000000 1.793744 0 0.000000 
0 9597140.000000 1.774194 0 0.000000 
0 9601036.000000 1.759531 0 0.000000 
0 9604912.000000 1.744868 0 0.000000 
0 9608776.000000 1.725318 0 0.000000 
0 9612664.000000 1.710655 0 0.000000 
0 9616548.000000 1.695992 0 0.000000 
0 9620424.000000 1.686217 0 0.000000 
0 9624300.000000 1.676442 0 0.000000 
0 9628188.000000 1.666667 0 0.000000 
0 9632060.000000 1.661779 0 0.000000 
0 9635940.000000 1.661779 0 0.000000 
0 9639812.000000 1.661779 0 0.000000 
0 9643700.000000 1.661779 0 0.000000 
0 9647588.000000 1.661779 0 0.000000 
0 9651468.000000 1.661779 0 0.000000 
0 9655348.000000 1.661779 0 0.000000 
0 9659220.000000 1.666667 0 0.000000 
0 9663092.000000 1.661779 0 0.000000 
0 9666980.000000 1.666667 0 0.000000 
0 9670852.000000 1.656891 0 0.000000 
0 9674732.000000 1.661779 0 0.000000 
0 9678620.000000 1.666667 0 0.000000 
0 9682500.000000 1.656891 0 0.000000 
0 9686380.000000 1.642229 0 0.000000 
0 9690260.000000 1.632454 0 0.000000 
0 9694140.000000 1.652004 0 0.000000 
0 9698016.000000 1.710655 0 0.000000 
0 9701892.000000 1.818182 0 0.000000 
0 9705784.000000 1.959922 0 0.000000 
0 9709660.000000 2.160313 0 0.000000 
0 9713532.000000 2.385142 0 0.000000 
0 9717412.000000 2.619746 0 0.000000 
0 9721292.000000 2.737048 0 0.000000 
0 9725164.000000 2.673509 0 0.000000 
0 9729044.000000 2.434018 0 0.000000 
0 9732916.000000 2.067449 0 0.000000 
0 9736788.000000 1.666667 0 0.000000 
0 9740660.000000 1.304985 0 0.000000 
0 9744544.000000 1.026393 0 0.000000 
0 9748412.000000 0.840665 0 0.000000 
0 9752276.000000 0.747801 0 0.000000 
0 9756140.000000 0.718475 0 0.000000 
0 9760012.000000 0.713587 0 0.000000 
0 9763888.000000 0.718475 0 0.000000 
0 9767748.000000 0.723363 0 0.000000 
0 9771628.000000 0.708700 0 0.000000 
0 9775492.000000 0.689150 0 0.000000 
0 9779364.000000 0.650049 0 0.000000 
0 9783212.000000 0.606061 0 0.000000 
0 9787060.000000 0.552297 0 0.000000 
0 9790932.000000 0.493646 0 0.000000 
0 9794804.000000 0.434995 0 0.000000 
0 9798680.000000 0.376344 0 0.000000 
0 9802548.000000 0.307918 0 0.000000 
0 9806400.000000 0.254154 0 0.000000 
0 9810268.000000 0.195503 0 0.000000 
0 9814140.000000 0.131965 0 0.000000 
0 9818012.000000 0.087977 0 0.000000 
0 9821884.000000 0.053763 0 0.000000 
0 9825756.000000 0.034213 0 0.000000 
0 9829628.000000 0.039101 0 0.000000 
0 9833500.000000 0.004888 0 0.000000 
0 9837356.000000 0.004888 0 0.000000 
0 9841180.000000 0.000000 0 0.000000 
0 9844988.000000 0.009775 0 0.000000 
0 9848812.000000 0.000000 0 0.000000 
0 9852588.000000 0.000000 0 0.000000 
0 9856364.000000 0.000000 0 0.000000 
0 9860132.000000 0.000000 0 0.000000 
0 9863908.000000 0.000000 0 0.000000 
0 9867684.000000 0.000000 0 0.000000 
0 9871460.000000 0.000000 0 0.000000 
0 9875220.000000 0.000000 0 0.000000 
0 9878996.000000 0.000000 0 0.000000 
0 9882780.000000 0.000000 0 0.000000 
0 9886548.000000 0.000000 0 0.000000 
0 9890332.000000 0.000000 0 0.000000 
0 9894100.000000 0.000000 0 0.000000 
0 9897868.000000 0.000000 0 0.000000 
0 9901644.000000 0.000000 0 0.000000 
0 9905420.000000 0.000000 0 0.000000 
0 9909188.000000 0.000000 0 0.000000 
0 9912964.000000 0.000000 0 0.000000 
0 9916740.000000 0.000000 0 0.000000 
0 9920508.000000 0.000000 0 0.000000 
0 9924276.000000 0.000000 0 0.000000 
0 9928052.000000 0.000000 0 0.000000 
0 9931828.000000 0.000000 0 0.000000 
0 9935596.000000 0.000000 0 0.000000 
0 9939372.000000 0.000000 0 0.000000 
0 9943140.000000 0.000000 0 0.000000 
0 9946908.000000 0.000000 0 0.000000 
0 9950684.000000 0.000000 0 0.000000 
0 9954468.000000 0.000000 0 0.000000 
0 9958260.000000 0.004888 0 0.000000 
0 9962092.000000 0.000000 0 0.000000 
0 9965900.000000 0.009775 0 0.000000 
0 9969756.000000 0.019550 0 0.000000 
0 9973620.000000 0.043988 0 0.000000 
0 9977492.000000 0.048876 0 0.000000 
0 9981360.000000 0.063539 0 0.000000 
0 9985228.000000 0.078201 0 0.000000 
0 9989092.000000 0.078201 0 0.000000 
0 9992964.000000 0.078201 0 0.000000 
0 9996836.000000 0.078201 0 0.000000 
0 10000708.000000 0.073314 0 0.000000 
0 10004620.000000 0.063539 0 0.000000 
0 10008516.000000 0.068426 0 0.000000 
0 10012420.000000 0.053763 0 0.000000 
0 10016332.000000 0.053763 0 0.000000 
0 10020236.000000 0.063539 0 0.000000 
0 10024148.000000 0.078201 0 0.000000 
0 10028060.000000 0.092864 0 0.000000 
0 10031964.000000 0.117302 0 0.000000 
0 10035884.000000 0.146628 0 0.000000 
0 10039796.000000 0.180841 0 0.000000 
0 10043700.000000 0.234604 0 0.000000 
0 10047612.000000 0.263930 0 0.000000 
0 10051516.000000 0.307918 0 0.000000 
0 10055420.000000 0.351906 0 0.000000 
0 10059332.000000 0.415445 0 0.000000 
0 10063236.000000 0.449658 0 0.000000 
0 10067148.000000 0.493646 0 0.000000 
0 10071056.000000 0.542522 0 0.000000 
0 10074964.000000 0.591398 0 0.000000 
0 10078868.000000 0.650049 0 0.000000 
0 10082772.000000 0.689150 0 0.000000 
0 10086684.000000 0.733138 0 0.000000 
0 10090588.000000 0.777126 0 0.000000 
0 10094492.000000 0.826002 0 0.000000 
0 10098388.000000 0.869990 0 0.000000 
0 10102284.000000 0.913978 0 0.000000 
0 10106204.000000 0.953079 0 0.000000 
0 10110116.000000 0.997067 0 0.000000 
0 10114016.000000 1.031281 0 0.000000 
0 10117932.000000 1.075269 0 0.000000 
0 10121844.000000 1.119257 0 0.000000 
0 10125756.000000 1.153470 0 0.000000 
0 10129672.000000 1.187683 0 0.000000 
0 10133588.000000 1.231672 0 0.000000 
0 10137508.000000 1.270772 0 0.000000 
0 10141420.000000 1.295210 0 0.000000 
0 10145340.000000 1.324536 0 0.000000 
0 10149260.000000 1.353861 0 0.000000 
0 10153188.000000 1.383187 0 0.000000 
0 10157104.000000 1.407625 0 0.000000 
0 10161024.000000 1.436950 0 0.000000 
0 10164948.000000 1.461388 0 0.000000 
0 10168880.000000 1.480938 0 0.000000 
0 10172796.000000 1.500489 0 0.000000 
0 10176700.000000 1.524927 0 0.000000 
0 10180628.000000 1.549365 0 0.000000 
0 10184540.000000 1.564027 0 0.000000 
0 10188444.000000 1.568915 0 0.000000 
0 10192364.000000 1.583578 0 0.000000 
0 10196276.000000 1.603128 0 0.000000 
0 10200196.000000 1.617791 0 0.000000 
0 10204108.000000 1.632454 0 0.000000 
0 10208036.000000 1.637341 0 0.000000 
0 10211964.000000 1.647116 0 0.000000 
0 10215892.000000 1.661779 0 0.000000 
0 10219824.000000 1.671554 0 0.000000 
0 10223748.000000 1.676442 0 0.000000 
0 10227672.000000 1.681329 0 0.000000 
0 10231600.000000 1.686217 0 0.000000 
0 10235524.000000 1.691105 0 0.000000 
0 10239428.000000 1.695992 0 0.000000 
0 10243356.000000 1.695992 0 0.000000 
0 10247260.000000 1.691105 0 0.000000 
0 10251168.000000 1.686217 0 0.000000 
0 10255084.000000 1.681329 0 0.000000 
0 10259012.000000 1.681329 0 0.000000 
0 10262940.000000 1.666667 0 0.000000 
0 10266852.000000 1.661779 0 0.000000 
0 10270768.000000 1.637341 0 0.000000 
0 10274692.000000 1.627566 0 0.000000 
0 10278624.000000 1.608016 0 0.000000 
0 10282544.000000 1.593353 0 0.000000 
0 10286444.000000 1.568915 0 0.000000 
0 10290364.000000 1.539589 0 0.000000 
0 10294260.000000 1.520039 0 0.000000 
0 10298176.000000 1.490714 0 0.000000 
0 10302096.000000 1.456501 0 0.000000 
0 10306004.000000 1.417400 0 0.000000 
0 10309932.000000 1.378299 0 0.000000 
0 10313852.000000 1.334311 0 0.000000 
0 10317764.000000 1.285435 0 0.000000 
0 10321684.000000 1.236559 0 0.000000 
0 10325604.000000 1.177908 0 0.000000 
0 10329508.000000 1.124145 0 0.000000 
0 10333424.000000 1.060606 0 0.000000 
0 10337316.000000 0.992180 0 0.000000 
0 10341220.000000 0.928641 0 0.000000 
0 10345132.000000 0.855328 0 0.000000 
0 10349044.000000 0.777126 0 0.000000 
0 10352956.000000 0.698925 0 0.000000 
0 10356868.000000 0.620723 0 0.000000 
0 10360772.000000 0.542522 0 0.000000 
0 10364676.000000 0.454545 0 0.000000 
0 10368588.000000 0.371457 0 0.000000 
0 10372496.000000 0.283480 0 0.000000 
0 10376404.000000 0.200391 0 0.000000 
0 10380296.000000 0.146628 0 0.000000 
0 10384212.000000 0.083089 0 0.000000 
0 10388116.000000 0.043988 0 0.000000 
0 10392028.000000 0.024438 0 0.000000 
0 10395940.000000 0.009775 0 0.000000 
0 10399836.000000 0.004888 0 0.000000 
0 10403708.000000 0.000000 0 0.000000 
0 10407524.000000 0.000000 0 0.000000 
0 10411340.000000 0.000000 0 0.000000 
0 10415140.000000 0.000000 0 0.000000 
0 10418956.000000 0.000000 0 0.000000 
0 10422772.000000 0.000000 0 0.000000 
0 10426588.000000 0.000000 0 0.000000 
0 10430396.000000 0.000000 0 0.000000 
0 10434212.000000 0.000000 0 0.000000 
0 10438060.000000 0.014663 0 0.000000 
0 10441940.000000 0.000000 0 0.000000 
0 10445748.000000 0.000000 0 0.000000 
0 10449564.000000 0.000000 0 0.000000 
0 10453372.000000 0.000000 0 0.000000 
0 10457180.000000 0.000000 0 0.000000 
0 10460996.000000 0.000000 0 0.000000 
0 10464812.000000 0.000000 0 0.000000 
0 10468628.000000 0.000000 0 0.000000 
0 10472436.000000 0.000000 0 0.000000 
0 10476244.000000 0.000000 0 0.000000 
0 10480060.000000 0.000000 0 0.000000 
0 10483876.000000 0.000000 0 0.000000 
0 10487692.000000 0.000000 0 0.000000 
0 10491508.000000 0.000000 0 0.000000 
0 10495316.000000 0.000000 0 0.000000 
0 10499132.000000 0.000000 0 0.000000 
0 10502940.000000 0.000000 0 0.000000 
0 10506756.000000 0.000000 0 0.000000 
0 10510572.000000 0.000000 0 0.000000 
0 10514372.000000 0.000000 0 0.000000 
0 10518180.000000 0.000000 0 0.000000 
0 10521996.000000 0.000000 0 0.000000 
0 10525812.000000 0.000000 0 0.000000 
0 10529620.000000 0.000000 0 0.000000 
0 10533428.000000 0.000000 0 0.000000 
0 10537236.000000 0.000000 0 0.000000 
0 10541084.000000 0.004888 0 0.000000 
0 10544980.000000 0.024438 0 0.000000 
0 10548892.000000 0.043988 0 0.000000 
0 10552796.000000 0.029326 0 0.000000 
0 10556708.000000 0.019550 0 0.000000 
0 10560612.000000 0.004888 0 0.000000 
0 10564476.000000 0.000000 0 0.000000 
0 10568284.000000 0.000000 0 0.000000 
0 10572100.000000 0.000000 0 0.000000 
0 10575908.000000 0.000000 0 0.000000 
0 10579716.000000 0.000000 0 0.000000 
0 10583564.000000 0.004888 0 0.000000 
0 10587428.000000 0.000000 0 0.000000 
0 10591244.000000 0.000000 0 0.000000 
0 10595052.000000 0.000000 0 0.000000 
0 10598868.000000 0.000000 0 0.000000 
0 10602684.000000 0.000000 0 0.000000 
0 10606492.000000 0.000000 0 0.000000 
0 10610300.000000 0.000000 0 0.000000 
0 10614116.000000 0.000000 0 0.000000 
0 10617924.000000 0.000000 0 0.000000 
0 10621732.000000 0.000000 0 0.000000 
0 10625548.000000 0.000000 0 0.000000 
0 10629356.000000 0.000000 0 0.000000 
0 10633156.000000 0.000000 0 0.000000 
0 10636972.000000 0.000000 0 0.000000 
0 10640788.000000 0.000000 0 0.000000 
0 10644612.000000 0.000000 0 0.000000 
0 10648420.000000 0.000000 0 0.000000 
0 10652228.000000 0.000000 0 0.000000 
0 10656044.000000 0.000000 0 0.000000 
0 10659888.000000 0.004888 0 0.000000 
0 10663780.000000 0.019550 0 0.000000 
0 10667692.000000 0.034213 0 0.000000 
0 10671596.000000 0.068426 0 0.000000 
0 10675508.000000 0.112414 0 0.000000 
0 10679428.000000 0.131965 0 0.000000 
0 10683332.000000 0.171065 0 0.000000 
0 10687244.000000 0.205279 0 0.000000 
0 10691156.000000 0.239492 0 0.000000 
0 10695076.000000 0.283480 0 0.000000 
0 10698988.000000 0.317693 0 0.000000 
0 10702896.000000 0.347019 0 0.000000 
0 10706796.000000 0.381232 0 0.000000 
0 10710708.000000 0.410557 0 0.000000 
0 10714620.000000 0.449658 0 0.000000 
0 10718532.000000 0.483871 0 0.000000 
0 10722432.000000 0.518084 0 0.000000 
0 10726320.000000